# mass, x, y, vx, vy,
1e+35, 0, 0, 0, 0,
227942339.43, 3.13450982973e+14, 3.36023910468e+14, -88124.9755582, 82205.0436075,
38692128106.0, -8.22882131194e+14, -5.17334562809e+14, 44103.1903676, -70151.3679756,
1.85597136377e+13, -1.14849095508e+15, -3.47236171298e+14, 21584.1861928, -71390.1507513,
1627.25574346, -1.50467960831e+14, -4.30387664398e+14, 114209.58497, -39928.8473611,
8.09978059984e+16, -7.86068186849e+14, -9.97293289196e+14, 56936.6343334, -44877.5474583,
55.2071854169, -3.1080172366e+14, 8.57692086683e+14, -80415.661307, -29140.2083936,
929981685.246, -1.16361576941e+15, 5.63295193233e+13, -3659.75772768, -75600.7126513,
15973670.3595, -2.71620761829e+13, 3.05546167238e+13, -301972.125931, -268443.553516,
5.56804783968e+15, -7.05355686062e+14, -1.20459090324e+14, 16257.6080451, -95197.4337969,
2.95271532166e+14, 3.83059689606e+14, 6.00425228027e+14, -81609.0995446, 52065.0280525,
44538922.7632, -4.42883497683e+14, 2.52267440928e+14, -56636.2099218, -99431.1539111,
106.960580801, -1.53743910338e+14, 6.73747852112e+14, -95809.908705, -21863.060442,
21278.4134614, 2.09337417055e+14, 3.68218200907e+14, -109123.724932, 62038.429009,
24557277.7379, -1.95441824514e+14, 7.95903701211e+14, -87637.7886584, -21520.3036318,
240461.362645, 8.43248247042e+13, 9.92077156471e+13, -172506.939703, 146627.884291,
3057154609.26, -8.84904980585e+14, 5.47592139232e+14, -42141.0000232, -68099.5546423,
57.5166126901, -5.47962697403e+14, -1.32899934359e+14, 25643.2953726, -105730.445771,
1048336.30085, 1.35630385354e+14, 7.87733647389e+14, -90050.8229256, 15504.768465,
1189960.76076, 5.84275435836e+13, -7.86801651279e+13, 209511.327189, 155582.187463,
1.53077218537e+12, -3.25307488104e+14, 1.13767256238e+14, -45939.4656082, -131359.871513,
7.13624322232e+15, 7.84067323757e+14, 8.38520943437e+14, -55692.969772, 52076.2636915,
8.18688131206e+16, 4.01200840699e+14, 7.55905575717e+13, -23673.1339835, 125646.397662,
2395052.55462, 2.95408125333e+14, -2.04858189319e+14, 77645.5854814, 111965.92591,
83448.3545426, 4.82059949107e+14, 1.75808508001e+14, -39075.6930144, 107143.998888,
1219300.1237, -4.22703328293e+12, -1.41794203793e+14, 216807.610494, -6463.26126902,
2022.11353823, 7.05839398507e+14, 4.55771132895e+14, -48346.5680076, 74872.913222,
16194.4236502, -6.39402099025e+14, 2.82935178069e+14, -39534.2444045, -89343.0043875,
12785388547.3, 1.47013228306e+14, -1.24705412383e+14, 120360.416092, 141890.981248,
1.39422350059, -6.76837770299e+14, -8.53682139866e+14, 61331.4856001, -48626.3727729,
2.35099774808e+13, -9.28057850493e+14, 3.91691259775e+14, -31650.41653, -74991.250887,
8.93332502702e+16, 1.94170304394e+14, -5.25199399463e+14, 102400.299187, 37858.1873541,
1.85791887721e+15, 9.59250900525e+14, -6.95684234993e+14, 44060.3276522, 60753.006683,
2305.56567736, -3.54419897447e+14, -7.47013971757e+14, 81170.7645256, -38511.3734502,
1.30930273484e+14, -3.41734893707e+13, -8.08721676248e+13, 253968.705928, -107317.475559,
3.74839416625e+15, -9.16702910877e+14, -5.55678211303e+14, 40901.7342415, -67475.6326168,
11919459311.8, 1.32288494185e+14, 5.34064682754e+14, -106905.583541, 26480.6476132,
1.1795740849e+18, -3.39038126554e+14, -1.16559445552e+14, 44358.7912537, -129027.050632,
4086250778.62, 2.24854549355e+13, 2.14207698277e+14, -175067.749621, 18376.9212144,
8.43015161921e+11, 8.653029512e+14, -5.70652892893e+14, 44176.6182674, 66986.7070453,
6523635.89164, -2.17997326807e+14, 3.35010155441e+13, -26422.3472788, -171935.11842,
7.84930937309e+11, -1.20836902665e+15, -3.43922642229e+14, 19951.8478002, -70100.6329504,
5217.49720396, -8.64813202051e+14, 5.68042163214e+14, -44092.1446753, -67127.8846735,
30643299.4956, -4.51286712751e+13, -1.57201870282e+14, 194164.506131, -55739.7068799,
3668315943.14, -4.38115447804e+14, 7.22025518776e+13, -19935.8271918, -120967.938534,
139148404.609, 1.75725122948e+14, 1.74217111466e+14, -115626.084008, 116626.935537,
3.2981760057e+13, -2.60523197772e+13, 2.85553781922e+14, -151931.9662, -13861.4174226,
3.06868201463e+17, -7.33940635184e+14, 8.54193381424e+14, -58388.7137353, -50168.7914919,
52402337950.7, 1.75561274637e+14, -2.05558832859e+14, 119480.573948, 102044.565854,
1.88029361867e+11, 9.02165645643e+12, 2.34103472142e+14, -168657.556159, 6499.56413089,
265510.201195, 2.34386228665e+14, -1.22681488541e+15, 71800.2990571, 13717.6370398,
183.776922769, 4.04513552337e+14, -2.6403134665e+14, 64246.7909094, 98430.3490732,
4280.28102915, -5.43667961298e+14, -1.22226771632e+15, 64536.9234609, -28706.1967996,
1.36637070015e+18, 1.31175664534e+13, -1.48768614432e+14, 210578.899667, 18567.6442617,
710515.565528, -1.27149619678e+14, 2.52084125162e+12, -4540.85879213, -229038.011837,
57546125.3354, 6.17954031585e+14, 1.47661300563e+14, -23819.8537879, 99684.7151143,
1139399385.59, 3.8609418432e+14, 1.24159996578e+15, -68412.6783475, 21273.9513304,
4185503.63904, 9.92641601838e+14, -2.84747493868e+14, 22167.0174572, 77275.144437,
8.69443552452e+19, -2.52728334022e+14, 4.80198595818e+14, -98139.0183273, -51650.5271369,
2.21039931116e+15, -8.67826656727e+14, -1.00067934872e+15, 53626.1108355, -46506.5742981,
1779.64676115, 4.84984218159e+14, 3.99858283145e+14, -65549.8865587, 79504.8191399,
370723373.576, 4.72860173027e+14, 4.34423466973e+14, -68973.1703677, 75075.744645,
5.2423477926e+12, 3.74577673772e+14, 1.02609457468e+15, -73426.2629849, 26804.3896355,
2.6544574626e+11, 8.02483440574e+14, -2.70334203211e+14, 28341.7955113, 84132.2381847,
21393813270.8, -9.05282015611e+14, -7.3649665258e+14, 47724.3402099, -58661.484404,
2.93712246372e+19, 9.21007119813e+13, -2.0292955372e+14, 157584.700195, 71520.6968094,
845.188487744, 8.59645271009e+14, -9.21657591663e+14, 53214.9966741, 49634.5070571,
2728190.59741, 4.34298641367e+14, -1.06973768696e+15, 70446.4347688, 28600.2739571,
5.86193862785e+17, 1.204336507e+15, -2.173725876e+14, 13116.9903413, 72673.7005083,
12.9532365513, 1.04786951142e+15, -2.04707151013e+14, 15158.8375012, 77596.1346119,
3253246517.53, 1.64580962946e+13, 2.55355008609e+14, -161164.971844, 10387.3765405,
45681.8839457, 2.7590628072e+14, 1.4570662922e+14, -68297.4877003, 129326.345101,
1.17492931472e+18, 1.06794758582e+13, -1.14357779984e+13, 477323.379326, 445755.724431,
3193298323.02, 8.7991994011e+14, 4.16176726015e+14, -35403.767674, 74853.9723248,
2.7691136232e+11, -4.87450175028e+14, -1.45332281528e+14, 32728.1289314, -109771.428675,
1.43100913243e+15, 3.66006975199e+14, 1.23474889949e+15, -69019.5605674, 20458.9294255,
489280804.067, 1.92972788295e+14, 1.21510894684e+14, -91155.8509739, 144765.609516,
36725.2182976, 1.97587317701e+14, 1.23483213741e+15, -72136.3997587, 11542.652078,
6.50675023486e+17, 4.25862372946e+14, 3.83565936765e+14, -72218.7319958, 80182.4083709,
11.0283364598, 2.81317292891e+14, 9.69537846421e+14, -78087.4976469, 22657.5615669,
6.41631035618e+14, -1.60144268022e+14, -2.09048888948e+14, 126376.776308, -96812.3602028,
8.45508023647e+16, -5.42670959708e+14, 1.30490226492e+14, -25565.6706557, -106320.200396,
1110830899.14, 9.78043130096e+13, -1.17558405014e+14, 160595.928895, 133609.966007,
1465030.66288, 1.40573460908e+14, 6.74977628464e+14, -96320.4388563, 20060.0684753,
40892.3433029, 2.40224349304e+14, 3.20846487706e+14, -103295.029536, 77339.1082882,
1.44831925872e+18, 6.28560123479e+12, 2.09286882483e+14, -178454.879283, 5359.6106754,
0.940542708508, -4.38195323853e+14, -3.0683512107e+14, 64067.5527895, -91495.725604,
114.613228734, -5.56531876157e+13, -3.13490493644e+13, 158642.354278, -281633.825759,
2.07391768859e+19, -7.1658957466e+13, -1.39756167572e+14, 183433.888633, -94054.3909562,
2.39193735291e+18, 2.08310670363e+13, -9.47702084806e+14, 83888.0018747, 1843.90919743,
55433.3602652, -9.97380565001e+14, -1.03779833121e+14, 8443.20091861, -81143.7468088,
20068322982.0, -2.24555020172e+14, 4.20666801629e+14, -104366.049291, -55711.3616123,
2956738193.72, 9.94717794251e+14, 3.1191704929e+14, -23940.5023552, 76347.3614229,
4.24032123569e+17, -3.85565855536e+14, 2.66710778278e+14, -67876.4813953, -98124.4694681,
35317155458.0, -7.99524353381e+14, 2.2058595373e+14, -23857.6809276, -86473.3070908,
5.62557171379, -1.07320897439e+14, -7.84837272432e+12, 18163.894331, -248378.29561,
10.0805986965, -6.54538638317e+14, -6.0507963339e+14, 58737.8320578, -63539.0426173,
1.02586130465, -4.94843485489e+14, 1.10835993674e+15, -67709.326349, -30229.8178959,
4.21904826939e+12, -4.95777726757e+14, 1.43314387384e+13, -3351.81709663, -115951.809934,
27693.4970859, 1.4187726926e+14, -2.84889475655e+14, 129625.608197, 64554.6041141,
30.9548629764, -5.54325423006e+14, -5.19992605346e+14, 64110.7682473, -68343.7194347,
1668204660.74, 8.84474540037e+13, 5.42073165944e+12, -16788.1111339, 273923.481295,
1.01878587921e+19, 6.29149910856e+13, 6.89815278377e+13, -197542.283116, 180169.55221,
5445952.5577, -3.68471909391e+14, 4.76347726843e+14, -83267.5249964, -64410.3922339,
6.13109818466e+17, 7.51662171384e+14, 8.41097551767e+14, -57353.6683606, 51255.1520406,
1.38515200723e+13, 4.5962619755e+14, -2.94381685105e+13, 7694.1970102, 120131.607839,
6.10875795834e+15, 8.40531811368e+13, -9.17905398617e+13, 170782.434473, 156386.561418,
4.64337453121, -5.85423192567e+14, -1.32462276662e+14, 23271.123098, -102847.810878,
1.13075759936e+19, -1.09927634519e+15, -2.33535016109e+14, 16014.2366576, -75380.8650936,
1.13137154354e+19, 6.63516994669e+14, -7.93177119827e+14, 61618.7367458, 51545.9636932,
2820.15737053, -9.18603214753e+14, 3.37698583456e+14, -28493.2286681, -77506.9033021,
1.96132064353e+19, -2.90844691086e+14, -3.49462891337e+14, 93124.7794108, -77504.2168183,
1.73085745307e+12, 1.84263375342e+14, 2.86579538643e+14, -117724.788843, 75694.0535823,
2.4942558001, -2.23835750609e+14, -3.60843422034e+14, 106535.973311, -66085.615247,
5676109150.56, 9.10425420197e+14, -4.2880919774e+14, 34700.0366873, 73673.3158905,
12602941.1586, -1.25076051432e+15, 3.3391468193e+14, -18520.0591586, -69371.4891019,
0.249626579855, -3.94443809633e+14, 1.19391788756e+15, -69177.2564214, -22854.6207801,
13.840525136, 1.09309847948e+14, 2.00564536414e+14, -150090.014482, 81800.6859779,
15944052.0553, -2.84299050433e+13, 2.97339744818e+13, -291121.8615, -278353.870369,
121159.211794, 2.15345625362e+14, 7.57446071539e+14, -88552.212889, 25175.8275319,
5.19636776183e+13, -2.63351149205e+14, -2.20934955225e+14, 89554.6017165, -106747.740549,
27414.0406297, -3.15665755037e+14, 2.14642221381e+14, -74349.4028332, -109342.701687,
2.4037175087e+13, 5.57955195125e+14, -5.28348194349e+14, 64079.2263484, 67670.028256,
5.11977774441e+14, 1.93274917074e+14, 1.25719701702e+15, -71595.0144002, 11006.6443714,
1.15443571889e+16, 4.10966939531e+14, -6.28516778476e+14, 78902.8544064, 51592.0428954,
16443254.3301, -1.99125225298e+14, 6.72485292134e+13, -57017.293403, -168830.18153,
4.2564199538e+18, -1.10355286258e+15, -4.79277811107e+14, 29669.3725963, -68314.702456,
6686.71897241, 5.0958322431e+14, 3.64432898809e+14, -60040.2119979, 83953.6850766,
10642175701.8, -1.3889172802e+14, -6.05129953818e+13, 83833.1768704, -192417.095327,
9.63742492155e+11, 8.72484933563e+14, 2.53852622832e+14, -23942.4967968, 82289.7454988,
6.82272483477e+12, 4.80054536207e+14, -1.21877405099e+15, 66413.2035253, 26159.040382,
26375805.4635, -6.96251378106e+14, 3.23142419806e+14, -39255.2008975, -84580.3152031,
5.39383345731e+19, -1.00784003172e+15, 6.22580058173e+14, -39447.0379178, -63857.3359754,
2.76328519331e+13, -1.80037080966e+13, -4.79578124053e+14, 117843.24739, -4423.92035993,
6094.64682144, 2.42195395952e+14, -1.62727887711e+14, 84344.8896326, 125534.376611,
7578336425.15, 9.80291242643e+14, -2.00916551873e+14, 16397.33125, 80004.1613158,
39851.9173098, 1.28070708227e+14, 7.00333013881e+14, -95241.5083513, 17416.9247849,
2.83463292284e+17, -4.56788889e+14, -6.54190933717e+14, 74987.0827381, -52359.738492,
7.56149796143e+15, -2.99881986501e+14, -8.83707023e+14, 80082.462079, -27175.6217696,
0.80563805029, 7.54492897588e+13, -3.18527169497e+14, 138943.715173, 32911.4927395,
19.6195115456, 4.83956977327e+14, -2.50994717575e+14, 50939.790647, 98219.8643278,
3.00446236607e+11, 9.7700020972e+14, -6.63330929012e+14, 42228.022105, 62196.3859187,
4.40837950063e+17, -1.12670237375e+14, -8.04423320108e+14, 89768.2452284, -12573.2425277,
6.88266148418e+16, -2.26376440593e+14, -6.78729619078e+14, 91619.5617432, -30557.8387817,
4403002.44547, -3.77678282714e+14, -8.89973769756e+14, 76483.5695339, -32457.3422038,
2.14614568197e+16, -1.66071663422e+14, 3.99363543144e+14, -114698.200062, -47696.193613,
3.82716404659e+12, -4.12600740362e+14, 1.24982832244e+15, -67619.851867, -22323.0666505,
1.50163683992e+12, -9.96949648466e+14, 1.43592049215e+14, -11604.4803662, -80569.1031292,
1.06129412283e+14, -6.63946065293e+14, -5.20218735791e+14, 54861.7842585, -70019.1348126,
6.31005798787e+14, -3.7070948714e+14, -4.25155956904e+14, 81984.834849, -71485.6644641,
1.27559785191, 2.96354499705e+14, 6.04900392887e+14, -89387.8528764, 43793.14798,
1.03440243535e+17, 8.53428824562e+13, 5.80972021269e+14, -105477.939582, 15494.3630157,
2.75766061397e+13, -1.40631512029e+13, -2.10872264106e+13, 426910.109208, -284707.969599,
11549.5701102, 4.56800681163e+14, 1.59990186313e+14, -38815.721748, 110825.848403,
49.4925800184, 9.45274463493e+14, 1.26554147807e+14, -11100.5898074, 82913.948349,
1326.33700069, -2.39104779435e+14, -1.15782714806e+15, 73581.4337551, -15195.4223202,
1995.09707196, -9.59715404672e+14, 8.83226753126e+13, -7626.13573664, -82865.6957987,
369.197191842, 1.18182330044e+14, 8.34209546608e+14, -88121.7133504, 12484.1887192,
189456187.088, 6.31782393053e+14, 9.22648165014e+14, -63743.3732506, 43648.2100335,
32066270.8209, 3.88294119015e+14, -1.12821671938e+15, 70718.702853, 24338.9908609,
1.82429574554e+11, -9.90931653156e+12, 3.71255464695e+14, -134006.141722, -3576.80735175,
8.77280665954e+16, -3.5127336398e+14, 5.78113494977e+14, -84885.9605668, -51578.4135503,
3.54000865929e+16, 5.82278431307e+14, 4.99291510912e+12, -917.967445734, 107054.222355,
64908359253.9, -1.11731166816e+15, -6.82208354867e+14, 37208.4215519, -60939.4523788,
4.26241380013e+18, -1.43763237549e+14, 5.74676459337e+14, -102969.731747, -25759.2977144,
0.995131893383, -3.30156378172e+14, 1.05005087801e+15, -74281.6060509, -23355.5787934,
3940.41040984, -1.16701832692e+15, 8.89336827796e+13, -5737.95005254, -75295.3511083,
56448.6177284, -1.07174451618e+15, 6.76140762197e+14, -38722.295484, -61378.355158,
4.52608584414e+17, -7.40178339288e+13, 2.66367574822e+14, -149701.164799, -41598.7417478,
3.48275948436e+12, -1.18117892634e+14, 1.14065132114e+15, -75882.6452917, -7857.87732259,
2.67269250835e+15, -2.03516692142e+14, -1.26864996423e+15, 71161.641865, -11415.7430088,
1133.05079246, 9.36686988036e+14, -2.66440380219e+14, 22649.5075278, 79625.6895043,
5.20937820974e+13, 1.87002931305e+13, -9.53095988405e+13, 257229.597728, 50469.9310235,
3.73509148097e+15, 5.62408742269e+13, 5.73958320225e+13, -205842.17073, 201700.075192,
521387049.973, -5.33854692424e+14, -2.8747510881e+14, 49742.0666686, -92373.3390758,
3.89016289952e+19, 6.34592241126e+13, 2.80842825583e+14, -148505.130334, 33556.2082748,
18013.8583046, -7.18509330197e+14, 7.11367731194e+14, -57161.4958229, -57735.3544106,
10040.6118089, 1.11477522321e+15, 2.57807640532e+14, -17208.2707173, 74409.5628441,
1.08861826716e+17, 3.16348368427e+13, -5.38393422556e+14, 111050.525758, 6525.08949121,
1.32501378261e+13, -1.01209089215e+14, -3.15417735748e+12, 7997.12218652, -256606.195881,
1.48959547644e+13, 7.77574682596e+14, 5.71497125203e+14, -49250.8760349, 67010.3708515,
11153160.0985, -1.59682928255e+14, 3.71562254883e+14, -118024.602528, -50722.3591473,
8.89435899057e+12, -3.02174561986e+13, -1.11352082449e+15, 77375.6221315, -2099.7312499,
9.27090104024e+18, -5.5755478169e+13, 4.53985677279e+14, -119893.551586, -14724.5224521,
70163922.0492, 6.13609631886e+14, -3.36835213223e+14, 46987.2814771, 85596.3015702,
1.93305582516e+15, 3.89359439578e+14, -2.23583658297e+14, 60712.8657713, 105728.332616,
1.02806046904e+13, 2.03523900033e+13, 1.12898245895e+13, -259760.579289, 468275.53212,
2.84584293434e+14, -2.55670650535e+14, 7.59577494786e+13, -45049.8396866, -151635.901514,
1.62109664298e+15, -4.65884806882e+14, -1.03129290439e+15, 69986.0561923, -31616.0812652,
616.360704187, -5.32785908606e+14, -7.67547102543e+14, 69429.0811579, -48193.5713989,
12291487057.7, -6.14198668653e+14, 7.1367380504e+14, -63812.8251341, -54918.3001584,
2.68436461873e+15, -1.27105403839e+15, -3.41219638958e+13, 1944.22464262, -72422.9880518,
3.74986351265e+18, -2.54209834453e+14, -4.05852954041e+14, 100046.755028, -62665.2307939,
2.06936273813e+19, -3.18527371354e+14, 1.93769226068e+14, -69534.8110872, -114304.737871,
4.42795704925, 3.42879841835e+14, -4.05772323827e+14, 85612.5164162, 72343.0464922,
2.63534689786e+11, 1.0073154703e+15, 2.67908585747e+14, -20566.9355219, 77330.0798481,
1.43505372411e+18, 3.34851909963e+12, 4.90773788626e+14, -116610.392867, 795.62547304,
9436460083.72, -2.57571438883e+14, 5.71565413841e+14, -94067.523294, -42390.7863216,
0.765824146125, 5.11017500943e+14, 4.44722101519e+14, -65160.0584045, 74873.5673209,
25096624.528, 9.84635678357e+14, -4.47962605243e+14, 32527.1445704, 71495.671032,
6.20631646935e+11, 1.65843711023e+14, -7.9809227342e+14, 88592.4729072, 18409.5310342,
178610.036583, -5.26644346147e+13, 5.01665427611e+14, -114397.359707, -12009.3431575,
4.84906490525e+19, 1.03580272015e+15, -5.7304060635e+14, 36348.6931818, 65702.2815739,
0.692600888337, 9.41837775141e+13, -1.28752067601e+15, 71709.661789, 5245.65310475,
3.24289804541e+12, 2.26667446154e+14, 4.06912566122e+14, -104572.021291, 58251.0224029,
2.88011755e+15, 4.20661312867e+14, 7.23853493968e+14, -77195.5952234, 44861.5648122,
12780216.791, -6.44934266305e+14, 5.90300511414e+14, -58989.9359116, -64449.5986382,
15.5997985361, 2.03044322559e+14, 4.96773776305e+14, -103227.343593, 42191.6917703,
2286576.27412, -2.2085653881e+14, 6.06107694255e+14, -95567.4624807, -34823.3477094,
41.0914475421, -4.36038869929e+14, 2.23669117386e+14, -53263.1249894, -103835.491912,
169675.407605, -1.96432798217e+14, -6.5041139085e+13, 56451.4621625, -170490.843673,
1.00891871732e+15, -1.07753992966e+15, 6.61254549911e+14, -38002.1252443, -61925.9366431,
4.43575439133e+16, -2.32073663127e+13, -1.12244915345e+15, 77085.1199564, -1593.78499292,
8.93683377219e+11, -1.22341878227e+14, 2.55588287796e+14, -138428.706009, -66261.3613468,
7.28047527423e+13, -8.35576872192e+14, 7.33759573332e+14, -51118.3826348, -58211.6265681,
5.36547275999e+18, -2.80280403409e+14, 8.88198367348e+13, -45513.9092063, -143623.961741,
1424923.54947, -4.04844769753e+13, 1.55150382434e+14, -197406.460402, -51510.6516371,
6938792.80608, -1.17928081099e+15, 2.55860355601e+14, -15768.3969185, -72677.800601,
41151813.8004, -1.12199673336e+13, -4.82471117337e+14, 117565.890415, -2734.01951456,
759922985.526, -9.80035500497e+13, 1.12248138897e+14, -159420.380424, -139189.508043,
708707176.176, 1.57455612662e+14, -7.46063523012e+13, 83803.0813168, 176865.174408,
2.07060218233e+18, 5.77028444456e+14, 6.18560682587e+14, -64950.4489199, 60589.4580145,
2.73146520627e+18, 1.42946972139e+14, -2.38811962997e+13, 35360.6607295, 211660.225085,
2.43297261511e+14, 6.24814494519e+14, 1.09383110253e+15, -63203.2607563, 36102.7523627,
1.28181251799e+12, -1.18153457226e+14, 5.89964945822e+14, -103269.219938, -20681.9327948,
5558132.20044, -2.0785940221e+14, 6.85389985026e+14, -92377.2604586, -28015.411016,
1.22337771169e+19, 1.39103816538e+14, -8.63706515548e+14, 86232.1057472, 13888.0682287,
7.49321562975e+14, 7.1087611935e+14, 7.29975525567e+14, -57981.2760919, 56464.2280453,
1434219228.28, 1.07899753798e+15, -3.33797859988e+14, 22718.3239925, 73436.7070411,
11976453.3307, 4.67296384598e+13, 4.44622112037e+14, -121512.065988, 12770.8783671,
1.35704665772e+13, 4.36345573846e+14, -3.96891909925e+14, 71573.9845231, 78688.9089149,
4.41217237487e+12, -3.48430915401e+14, -4.32374015013e+14, 85362.7214112, -68790.0061745,
12.5944253073, 3.95796142022e+14, -1.96967589861e+14, 54740.6252374, 109998.443379,
7.51975940798e+13, -3.83846014284e+13, 4.44851901284e+14, -121806.16333, -10510.1968036,
1248538816.71, 1.27780573272e+15, -1.99896120315e+14, 11102.607226, 70971.7384163,
0.629346936521, -7.6708418613e+14, 5.33797481589e+14, -48269.7924993, -69365.2476288,
81035015.6672, 6.08888080132e+13, 1.45432927948e+14, -189781.470334, 79456.3354715,
1.3771782906e+14, -3.21349758143e+14, -2.17881633108e+14, 73577.7500756, -108518.519226,
3.52809805468e+17, -2.45735506046e+14, 8.96611959416e+14, -81714.5966804, -22395.6166943,
12359207632.5, -1.32622142552e+15, 5.06329646521e+13, -2705.37814516, -70861.552052,
489.928032127, -3.81220404071e+14, -6.98420809056e+14, 80388.7778993, -43878.7647736,
12989183135.6, -1.87251931414e+13, -3.9429585488e+14, 129881.77577, -6168.1128694,
2.84441044472e+13, -2.28343009217e+14, -3.82647236014e+14, 105092.998169, -62713.7718268,
1.52047481128, 5.55679076863e+13, 3.01913681467e+13, -155091.146211, 285448.822781,
191404.637968, -7.11987580718e+14, -9.52240650626e+14, 60003.2132567, -44864.2290306,
321.586983674, 1.08005736327e+14, 9.30974715876e+14, -83824.2100971, 9724.74910348,
20830.7892565, 1.85759871203e+14, -1.94480686532e+14, 113915.581307, 108807.430131,
86.0212588452, -2.72450829564e+14, 4.83732922187e+14, -95531.3122371, -53805.6933372,
6.79386904149e+13, 2.01558598341e+14, 3.36092274897e+14, -111916.054961, 67117.4104693,
4225180898.08, 3.24878450906e+13, 1.29458590411e+14, -216887.662457, 54428.3137767,
12.1200229945, 4.98017406228e+14, 6.41067357346e+14, -71604.1662362, 55626.1689749,
5.04281505603e+18, -7.50703614569e+13, -3.76803369388e+14, 129257.888586, -25751.989514,
1.54925293614, -3.08462146633e+14, -2.64397488693e+13, 12539.0110284, -146287.70786,
25624.655327, -9.19333697861e+14, -6.89298140698e+14, 45718.7310783, -60976.183776,
9.68703048642e+17, 8.70765483786e+14, 2.53276175358e+14, -23959.7620947, 82373.850609,
239083.653178, 8.05661072016e+12, 1.38515014217e+14, -218949.823181, 12735.0345563,
8.76959854206e+16, -1.99727843873e+14, 1.13367425529e+14, -84150.2455691, -148253.760113,
7.6968825674e+13, 4.76502515642e+14, 3.19387532416e+14, -60055.3535179, 89598.1343185,
153978441.292, -6.49856580851e+14, 6.00919771048e+14, -58954.1488802, -63755.1690994,
6912226192.64, 7.68043355609e+14, -1.09638467859e+14, 13107.1040245, 91818.3585912,
18930.6991274, 9.12917141154e+14, 6.06795186598e+14, -43192.7027704, 64982.9787757,
1.15185457147e+17, 4.22354169117e+13, -3.19837985475e+14, 142592.655181, 18829.7216516,
6424352.35716, 1.09673006292e+15, 4.81686489339e+14, -30016.1684386, 68342.4489348,
1901687846.7, 2.95496491157e+14, -7.66213952656e+14, 84111.237248, 32438.1661121,
4.03000485553e+11, 3.09199364186e+13, 6.72135573373e+14, -99489.2341224, 4576.75640937,
10330.143047, -5.03391463759e+14, 1.17467667576e+15, -66422.9722616, -28464.647272,
3.6424336621e+14, -6.94216805646e+14, -5.69480265176e+13, 8002.848177, -97557.5807846,
1.05706133412e+19, -3.72417325488e+14, 8.47071074028e+14, -77744.9840652, -34180.8142474,
3.64165912396e+15, -7.87930917632e+14, -3.98637413444e+14, 39246.9495552, -77573.9655496,
1.17786440242e+14, -4.37607522202e+14, 1.74585782029e+14, -44102.7629396, -110545.661783,
5.23383770449e+14, 8.81991540665e+14, -2.40328587425e+14, 22463.3038474, 82438.9814839,
578433.551104, 3.77833983982e+14, 3.15182150557e+14, -74603.7916742, 89433.5157577,
1.94690766797e+15, 5.52789274187e+11, 9.63060391737e+14, -83246.5478796, 47.7828796364,
172.296375659, 7.62062077762e+14, -1.63278257659e+14, 19387.2506864, 90485.3392729,
705478.080609, 9.11978156083e+13, 4.54541554917e+13, -114161.780167, 229050.674567,
9.38355947358e+15, -3.58425253661e+14, 1.83635937617e+14, -58699.0504226, -114570.286788,
228043.609525, -1.10359459849e+15, -6.5340782394e+14, 36751.9314773, -62073.3813956,
21.3132695882, 1.05875858515e+15, 1.97799030505e+13, -1482.88741037, 79374.4930161,
4.20325240359e+15, 9.25040104801e+14, 2.26963222182e+14, -19946.5219689, 81296.5756968,
141.352918601, -3.44753290676e+14, -1.09257887888e+15, 72786.4791088, -22967.1089882,
38551472932.2, 6.92263305976e+14, -5.2769825807e+14, 53083.3598154, 69637.6415804,
9364652.95227, -1.50661802145e+14, 5.80642645432e+13, -73112.3581732, -189707.726915,
4604030.79531, 4.63998860419e+14, 3.08123092934e+11, -79.6419408816, 119931.841066,
0.401182770865, -5.55038560337e+14, 8.57336971847e+14, -67858.134524, -43931.2458579,
5382.66834725, 2.0764328254e+14, -4.46463418602e+14, 105564.67907, 49096.5117614,
24.3200413918, -1.24325443125e+13, -5.31510586385e+13, 340475.75923, -79640.5579188,
5.46684529308e+17, -3.94490289277e+14, 8.89864217677e+14, -75698.7994867, -33558.424661,
2.05687436821e+14, 3.14429235611e+14, -1.04159052202e+15, 74978.6848364, 22634.1254665,
3.21915526493e+19, -7.31908336374e+14, 6.50489918883e+14, -54843.9211954, -61708.4476748,
1351.59063661, 3.75827270005e+14, 4.43496468656e+14, -81744.4246282, 69271.7667836,
1.22214879755e+13, -9.86550776513e+14, 2.21984041585e+13, -1849.99613778, -82218.3033176,
8.02815194679e+11, 8.88365455469e+14, 1.13040717409e+14, -10897.0476836, 85637.8210489,
4.45844038349e+18, 3.73724455207e+14, 5.48703683781e+14, -82868.5831148, 56442.1508252,
7.70689614342e+11, 8.40351436103e+14, 1.07267877158e+14, -11238.464268, 88043.6887295,
1.07012962238e+16, -4.09732271744e+14, 5.99627274692e+14, -79149.6059508, -54083.8437853,
1939058891.92, -2.6109877035e+14, -3.32134941212e+14, 98810.7529748, -77677.3621135,
8357445.46092, 6.9868798515e+14, -4.96057848341e+14, 51091.3825371, 71961.2344462,
595942.702115, -9.93070518734e+13, 1.30623230151e+15, -71171.4283244, -5410.84822077,
5.08037793276e+17, -4.63755830096e+14, 3.20599172597e+13, -8263.58465314, -119535.104515,
56862079939.0, 5.86809761881e+14, -6.37003394704e+14, 64563.5220864, 59476.1430421,
206953253.987, -4.35253724076e+14, 1.19427966589e+14, -32176.7166926, -117267.639808,
2.19762828476e+13, 7.86618619332e+13, 3.01752673634e+14, -141563.92485, 36903.3413265,
1.42271835221e+18, -5.71924181495e+14, 6.67114557127e+12, -1259.91578129, -108013.877717,
2.39859430271e+12, -6.99978186936e+13, -9.83571558839e+14, 82062.4714734, -5840.13836932,
1.57183414969e+17, -1.76919817125e+14, 1.14910901681e+15, -74882.7061665, -11529.1364762,
500196.772533, 1.52912336651e+14, -8.60409024134e+13, 95640.3960934, 169972.606454,
1419.46539605, -4.17765014372e+14, 5.12880745638e+14, -77879.0537949, -63436.0800336,
2.93257444023e+17, -8.90429127459e+14, 7.19813410246e+14, -47996.7868503, -59373.3548549,
47984.2649053, -4.60962683904e+13, -4.52068858704e+14, 120565.113424, -12293.706412,
1.92065266915e+18, 8.93775912201e+14, 1.24086040989e+14, -11826.4558267, 85184.4515338,
103751.161701, 3.44339932432e+14, -1.17527925519e+14, 43748.2307373, 128176.029225,
7.60050073607e+14, 5.04510174959e+14, -5.18273282821e+13, 11722.7011097, 114113.966201,
159072.931937, -4.70133350952e+14, 9.4980107008e+14, -71121.052812, -35203.5599191,
25218414.3132, -7.25265932787e+14, 2.66342150742e+14, -32039.0907818, -87244.3997196,
5544280.0301, -6.76799340651e+14, 3.31405730263e+14, -41386.3006945, -84519.4227626,
47601.1997146, -2.26338365675e+14, -8.23276971352e+14, 85248.5802777, -23436.85662,
291868370.753, -3.56203646545e+14, 7.01938789895e+14, -82112.4969559, -41668.5489727,
1.73822551543e+13, 8.22839467837e+13, 2.02787460351e+14, -161818.224672, 65660.0864991,
3.91846610703e+17, 2.53463607415e+14, 2.97054646292e+14, -99450.8605873, 84857.0261385,
5.34274495471e+14, -2.78813753912e+14, -1.46609197751e+14, 67743.4936659, -128831.056045,
9.74750041537e+12, 5.19508404205e+13, 9.37773332893e+13, -218254.754178, 120908.939374,
1.20493746222e+16, -1.39056706308e+14, -3.50725305931e+13, 52757.5195874, -209174.724,
1509.98232665, 1.67906657741e+14, -5.27638999855e+14, 104617.802588, 33291.7498093,
9.99012189405e+11, -2.74918964282e+14, 6.29593807751e+14, -90327.2070234, -39442.3545716,
3.77507989821e+15, 4.13587623539e+14, 4.07833444474e+14, -75263.3760715, 76325.277563,
3.02880069541e+13, -4.81583064241e+14, -1.24473084679e+15, 65950.7797588, -25516.1818214,
5465.40605676, 4.2406916086e+14, -4.40232302489e+13, 12918.988669, 124446.67629,
7.72394181853, 1.4870547861e+11, -1.59892602242e+14, 204304.83005, 190.01033887,
7.24440880381e+16, 3.49268924939e+14, 3.3197990249e+14, -81079.1191015, 85301.599739,
9.28551426298e+17, 6.51711069653e+14, -3.01022236029e+14, 40431.5332625, 87533.991302,
3.39980030082e+16, 3.44562468695e+13, -1.20602038239e+14, 221798.213857, 63368.1994388,
4.67533502351e+19, -2.64033019417e+14, -6.64368253316e+14, 89789.0645626, -35683.9414117,
42718185002.2, 5.08935771452e+14, 3.69334571858e+14, -60508.458142, 83379.4645027,
4897.73907075, 1.95929896833e+14, -9.7397688775e+14, 80352.1407967, 16164.0248907,
309011646.136, 4.6885320097e+14, -5.76617896072e+13, 14508.9561612, 117973.628381,
66.7219450543, 3.11227109495e+14, 3.8093106545e+14, -90202.2322762, 73696.7461244,
118084440.477, -1.65710416235e+14, 1.29564682423e+15, -70903.0304757, -9068.34368189,
1.492610454e+19, -1.12852268401e+15, -2.75484494743e+14, 17975.104291, -73635.0441746,
19852.6944409, 5.37669570158e+14, -3.54634153318e+14, 56046.9827778, 84974.2103428,
53375.2257163, 4.7340307655e+14, -1.06083628183e+14, 25646.9750519, 114450.807365,
3.49425150299, -3.68212573277e+14, 9.90723315426e+14, -74485.6481186, -27683.361983,
111.514244706, -1.966970215e+14, 1.47794323346e+14, -98936.6840203, -131673.19707,
34981937003.0, 1.22151149285e+13, -5.20354533915e+14, 113204.577553, 2657.43226033,
1.06997399408e+16, -2.03780548755e+14, 9.77747453782e+13, -74334.553652, -154926.878879,
9.88871445921e+11, -7.79885638816e+13, 7.71076324985e+14, -92327.1193436, -9338.19287614,
14631289.8406, 4.41351402134e+14, 1.12190857692e+15, -69238.242292, 27237.8658524,
3446974.97821, -9.47572505619e+14, 2.18679878734e+14, -18628.6710955, -80720.8081897,
44122.4190226, -2.85236666207e+14, 1.56123136933e+14, -68785.7018675, -125671.342947,
339648.725408, 1.04288343365e+15, -6.42329603736e+14, 38711.5579779, 62851.9100958,
10133828.3404, -1.02134494141e+15, 4.92677968979e+14, -33331.637845, -69098.0759144,
1.42923158691e+18, -1.31042315882e+15, 2.67685352886e+14, -14137.8920426, -69210.4403535,
5.90593447515e+11, -2.59658163415e+13, 3.60607579351e+14, -135516.205445, -9757.94493342,
324.10177746, -4.44014381014e+12, 1.12905387418e+14, -242846.815658, -9550.25096688,
14.0065681507, -3.03007173188e+14, -1.16596923833e+15, 72038.1967922, -18720.9830706,
93546596081.4, -1.62781440295e+14, -1.32318039184e+15, 70224.8535229, -8639.26254606,
9.425510651e+14, 1.96631191367e+14, 2.60940570494e+13, -24130.6944864, 181836.316077,
3.16363810042e+14, -1.6605789122e+14, 6.09459474459e+14, -99173.3858016, -27021.5231717,
1.38254677033e+14, 1.96029098402e+13, -1.28073092463e+14, 224347.56099, 34338.7117962,
1996198357.6, -2.36331482223e+14, 7.31661210058e+14, -88656.9831499, -28636.8006794,
2.43873275853e+19, -7.97550081831e+14, 7.20981491426e+14, -52835.6304815, -58446.8005285,
78.2290385176, -1.00794776903e+15, -1.03685051458e+14, 8304.69387697, -80731.9623041,
573106539.928, -1.64937336492e+14, -1.20490607222e+15, 73395.5129593, -10046.9743634,
3.00394442194, 2.20511789334e+14, 1.0797320365e+14, -72503.5663229, 148072.768081,
3.34001854512e+18, 5.93379570915e+14, -8.86495661389e+14, 65731.0390259, 43997.3453135,
83.1572838756, 1.10826188813e+14, 3.86154502328e+13, -78463.6798511, 225190.449567,
20.2443119755, -6.20577348295e+13, 5.85074023072e+14, -105911.628199, -11233.8532885,
1.05048382581e+12, -1.22303213671e+13, -4.40011649227e+14, 123086.228145, -3421.23698026,
2.09539928417e+13, 3.21781508236e+14, 9.93801084635e+13, -41540.9158967, 134504.769389,
5.64587634599e+15, -7.89918692025e+14, 9.20241495421e+13, -10600.5994409, -90993.6325054,
499.774676594, -2.10044809672e+14, 1.46119139049e+14, -92229.5981599, -132579.130411,
24.174232126, -5.3274520921e+12, -4.06590422579e+13, 400009.17016, -52412.1959616,
1.95189386017e+13, -2.23622086891e+14, 2.37335611672e+14, -104123.495621, -98107.1202128,
188681.722613, -6.66717980787e+14, 3.62955347581e+14, -44832.0303433, -82352.6115382,
34781680.0242, 8.00049667515e+14, 4.60329863356e+14, -42407.1448773, 73703.2829284,
4.38919521963e+14, 3.44532900389e+14, 1.13288555542e+15, -71826.9334418, 21843.9908482,
632.119141219, 1.27598609404e+14, 4.52155436884e+13, -74162.2254811, 209286.366364,
109919303.642, -5.95514876411e+14, 1.25005896662e+14, -21514.9130536, -102494.771289,
5.92676359e+17, -5.3144634234e+14, -3.89121179025e+14, 59466.569887, -81217.0931871,
1.10415719014e+19, 9.28909878092e+14, 5.10828036579e+14, -38233.6353516, 69525.5526525,
6.10055331074e+11, -9.02462343653e+14, -3.42479152402e+14, 29502.5526326, -77741.7913058,
4.54890453501e+15, -7.66213294253e+13, 1.02145560464e+15, -80492.5579332, -6037.9000024,
1668790.18997, 9.41048737308e+14, 4.91464496518e+14, -36703.7553458, 70279.792065,
4.66171034036e+15, -4.52209267437e+14, 7.81485557393e+14, -74415.0496225, -43060.5207706,
1.79808770776e+11, -2.30101876902e+13, -5.9056393139e+14, 106185.57738, -4137.31678425,
6345057.03153, -1.62944726206e+14, 4.2645932977e+14, -112945.375437, -43155.0021119,
1777342.75131, -2.3129516458e+13, 8.80673791995e+14, -87008.3575618, -2285.13810278,
1.10170384631e+19, 6.0419454119e+13, 8.54189377104e+14, -88062.3852141, 6228.92462219,
8.23074405513e+14, -2.15054545343e+14, 4.65558302855e+13, -36849.037762, -170216.125749,
1619858360.77, -9.80573671831e+14, 2.32301839001e+14, -18760.2824662, -79189.3819765,
6.26313444365, -2.8364274327e+14, 7.69223415654e+14, -84652.9567382, -31214.8543407,
16802.1401813, 4.0422818653e+13, 1.31774889281e+15, -71116.5063072, 2181.54585701,
6236594.70549, 2.37207665723e+14, 8.92966353433e+14, -82142.1141781, 21820.2389002,
294234354.098, 1.00999769705e+15, -6.68124125011e+14, 40958.3066231, 61916.3323337,
580298.268408, 3.98090252392e+14, -4.05702248831e+14, 77344.2223653, 75893.0498688,
407.226836601, -5.21336408448e+14, -1.1887221796e+14, 24836.3343033, -108924.40258,
4.1616470212e+14, -2.51195586984e+14, -6.4804195813e+14, 91368.6137177, -35416.522444,
20.2564596827, 2.79254254259e+14, 9.52448630422e+14, -78688.4077358, 23071.1367723,
673.934924035, 1.62876755634e+14, -5.45049894964e+12, 6768.24617867, 202254.874113,
5.56521483465e+18, 2.34330061746e+14, 3.91539966015e+13, -27622.1891043, 165314.140067,
28377827276.8, 6.12359402789e+13, 1.92719869176e+13, -96793.8766976, 307558.534477,
5.5098642553e+12, -7.58626908412e+14, -1.36874193493e+14, 16521.0691219, -91568.2297136,
82.0042807716, -5.77371269527e+13, -9.48933035291e+13, 209404.871169, -127410.841245,
53346688.5212, -5.2283688615e+13, -3.5877517696e+13, 183561.976436, -267501.706748,
11.6134693535, 4.25683691307e+14, -4.20837366446e+14, 74235.6589163, 75090.5500169,
1338903013.04, 3.31026165263e+14, 1.11419026458e+15, -72637.5799475, 21580.640496,
1350889149.53, 4.94920666978e+13, -2.25101586383e+13, 145052.224207, 318919.758428,
1.20769730669e+17, 1.13859422955e+15, -2.58084597331e+14, 16714.0703292, 73737.6202456,
391397674.55, 1.15439422919e+15, -1.22988890205e+14, 8032.51271586, 75394.5035981,
15.4870054894, 9.87171785366e+14, -2.66840986923e+14, 21080.7711632, 77987.8036955,
4.90326847583e+12, -3.62045338536e+14, -1.7047946206e+14, 55016.1440609, -116837.173586,
6.68220359335e+13, -1.69334812477e+14, 7.18964797915e+14, -92523.939349, -21791.7816905,
1.86518457849e+15, 2.40008598741e+13, 1.17830031546e+14, -230846.784876, 47021.3006266,
406.132636945, 1.12202918451e+15, 1.33871419251e+14, -9104.80584178, 76310.9701157,
24105484.5661, -9.97841081367e+14, -5.56473145331e+14, 37225.6495981, -66751.25792,
74541626956.9, -8.20859048573e+14, -1.05434593052e+15, 55765.3664536, -43416.0215593,
2.0972366788e+16, 2.62389208986e+14, 3.57685145633e+14, -98900.1837831, 72550.7930878,
0.977382717065, 4.13876575974e+14, 6.70118445093e+14, -78318.749424, 48370.9948346,
7631745649.97, 6.6878606596e+14, -5.18903009232e+14, 54431.6090166, 70153.9613577,
3.95449113481e+13, -5.64963152807e+14, 8.62531501964e+14, -67301.3864276, -44082.7997329,
4.14101795046e+17, -3.14850519219e+13, -4.79107558896e+13, 285135.45117, -187379.729628,
47.9806767266, 5.32602643205e+13, 5.25067747769e+14, -111879.673496, 11348.5183728,
1824868545.16, 5.12833614249e+14, -3.6484012806e+14, 59694.8153068, 83909.3770976,
9.51355181415e+13, 4.29742378663e+14, -5.27286705505e+14, 76781.8217683, 62577.725515,
2428.78566321, -3.47827775693e+13, 5.12985697842e+13, -271601.704709, -184158.383403,
16664755912.0, 7.38426502397e+14, -1.04297507992e+15, 58981.1572521, 41758.6675803,
1.08592293547, 5.33287597342e+13, 1.26843166495e+15, -72440.9807203, 3045.64113502,
288455548.264, -2.68396929973e+14, -1.60870618091e+14, 75080.7657035, -125264.931869,
1.14901449421e+17, -2.63567540663e+14, -2.99857588844e+14, 97113.1025053, -85360.059394,
1.09249908317e+12, -2.98632574408e+14, 3.93642737176e+14, -92591.5704508, -70243.539232,
64329.9011551, 2.19730263346e+14, -1.7218624636e+14, 95370.745078, 121704.48787,
114074.69309, 4.75819402398e+14, 3.01378290347e+14, -58246.6993529, 91960.5378538,
2.0855244367e+11, -1.1525289507e+15, 4.45181879015e+14, -26482.3098795, -68559.908335,
7.16038315783e+17, -5.53688299073e+14, 2.41697578162e+14, -42049.0372956, -96327.2371818,
123670.068623, -5.15921472513e+14, 3.67328745851e+14, -59539.3593415, -83624.3672484,
7.25489664578, 3.86607966916e+14, -8.1635325233e+13, 26850.7463442, 127159.565111,
17.1366626863, -3.22155745086e+14, 7.48392703928e+14, -83129.9343609, -35784.402764,
443386.646264, 7.25034297957e+14, -3.13310199642e+14, 36463.9538206, 84381.603884,
998932073.273, -1.53351962886e+14, 3.66263694061e+14, -119586.899003, -50070.17074,
30816.2560598, 1.58507103431e+14, -4.21794151276e+14, 113924.145653, 42811.8462139,
2.96518226789e+18, -1.12204982965e+14, -1.11999109423e+14, 144948.788348, -145215.229042,
1.16901274002e+11, 1.16737232491e+15, 8.05167939619e+13, -5196.60408111, 75342.9376569,
6.9375075963e+12, -9.78144645906e+13, -1.21549193434e+14, 161131.202955, -129667.354432,
1981082.49038, -1.26674907256e+13, -5.56548165901e+13, 333418.852273, -75888.8534305,
2.04528815227e+11, 7.90637300236e+13, -9.9028836859e+13, 179345.536173, 143187.85823,
2.2315289587e+13, -3.21794251502e+14, -8.50876830508e+14, 80115.5656064, -30299.013375,
7.14289937433e+16, 5.66308788835e+13, 4.8671378722e+14, -115924.758993, 13488.2576958,
5316.8882815, -5.557249893e+13, 5.32208332155e+13, -203700.311389, -212701.204636,
3.12520859732e+16, 1.51423148208e+14, 2.42260723951e+14, -129607.982131, 81010.4434888,
6.89633009425e+14, -2.60108107479e+14, 6.56449826329e+14, -90384.0502957, -35813.2843148,
3.51527942655e+19, 4.77555193036e+14, 1.15559313921e+15, -67520.2634158, 27903.118611,
1856129188.86, -2.26163753108e+14, 2.03347760201e+14, -99043.2642772, -110156.100794,
1.38943903733e+13, -1.20992489919e+14, -2.44554507705e+14, 140180.419181, -69353.7735767,
14009962.525, 2.38724561049e+14, 9.23030026715e+13, -58234.7088234, 150613.250916,
0.639460395069, -9.48306082329e+14, -5.19726038422e+14, 37756.8171262, -68892.1021522,
2.79810078012e+14, 1.15479694625e+14, 8.46749228639e+13, -127657.603751, 174099.492497,
1.14607222235e+14, -6.19619174351e+14, 2.42625809629e+14, -36515.555937, -93253.6347032,
3.76069997692e+16, -1.06874374032e+14, 1.80463093462e+14, -153487.491437, -90898.8051481,
1.07348608994e+19, 4.6931262459e+14, -3.67415902329e+14, 65230.6340047, 83321.2712199,
2.57476364257e+13, 9.5200559895e+14, 3.36906979975e+13, -2960.30310276, 83649.9477875,
18.0788407045, 1.30226424715e+15, -3.37487459706e+14, 17669.7177048, 68182.2122935,
1.31077291727e+12, -3.2659369745e+13, -6.76644503763e+13, 268410.327245, -129552.698235,
2.09307320415e+14, 3.39472834714e+14, 1.11383348891e+15, -72418.6778115, 22071.6777576,
4.05827704881e+15, -8.30677104515e+13, 6.93906931954e+14, -97030.4102269, -11615.5260173,
3.35364495694e+17, 8.24552930928e+14, 5.14054056979e+13, -5592.55879614, 89705.755341,
58.6815456417, 2.2888036977e+14, 5.55863306759e+14, -97430.9237575, 40117.8231869,
1.36740816349e+11, 5.33223244775e+13, 9.99651913393e+13, -214146.884761, 114227.857938,
503.633396155, -3.29694259306e+14, -1.09620509887e+15, 73120.806552, -21991.7880157,
6.03688685706e+16, 7.74865597411e+13, -4.09781917355e+14, 124300.723946, 23504.2959779,
3.61716371362e+13, 1.12718804701e+15, 2.7806164415e+14, -18159.2496429, 73612.7746158,
9.65398048333e+17, -2.99686517991e+13, -8.39419722264e+13, 257707.748355, -92005.8651417,
6333258119.28, -2.26895348132e+14, 5.6873947803e+14, -96968.3156501, -38684.9525787,
23769754249.4, 4.63368622616e+14, 3.90865361072e+14, -67653.3801105, 80202.6904383,
232470005.034, 1.08724910775e+15, -3.72282387321e+14, 24686.5996854, 72097.1079902,
5.84688883007e+15, 3.95582907646e+14, -6.34298256673e+14, 80173.8235674, 50000.7589651,
4.50672559923e+12, 6.3055576072e+14, -6.39399198332e+14, 61381.7708516, 60532.808478,
3541823.47588, -2.34098840534e+14, -1.23080797333e+15, 71700.6136559, -13637.4080167,
36730.3329667, -1.05221180776e+15, -2.12440400406e+14, 15604.9190986, -77290.7606243,
2.7396700088, 1.15472847423e+15, 6.58492594356e+14, -35100.6110524, 61552.2109019,
81231.326435, 8.94377985711e+14, 8.47476288596e+14, -50622.006536, 53423.5693051,
2.00889337291e+11, -3.62627133962e+14, 6.62208709327e+14, -82465.2722994, -45158.1879309,
139407288.753, -1.60938870361e+14, -2.10002682544e+14, 126061.662124, -96609.3444725,
0.741672114061, 8.11750650491e+14, 5.19426724246e+14, -44853.4281535, 70096.1228617,
136675615.225, -4.60683982434e+14, -8.36356966667e+14, 73229.7752745, -40336.5857532,
1.18887632059e+15, -7.53667084697e+14, -6.87631217418e+14, 54513.9104477, -59749.0906781,
13.6813538734, -8.15474228635e+14, 1.24191907858e+14, -13542.6206265, -88924.1360376,
2.60667716556e+12, -6.59732390855e+14, 1.28843805874e+14, -19099.0908404, -97795.0688262,
1.85077149708e+12, 7.55122677673e+14, -8.09674796571e+14, 56779.7380344, 52954.1835854,
3.18138067187e+12, 7.43121985366e+14, -1.69840424601e+14, 20847.7616681, 91217.5654152,
1.13526395617, 2.45991987764e+14, 9.14112751657e+13, -55549.4023057, 149486.02202,
1.55548494118e+15, 1.20380434811e+14, -1.29975215334e+14, 142400.655358, 131888.627884,
3.31601889005e+18, 9.76479001167e+14, -2.89019445983e+13, 2445.34747965, 82618.3323517,
1471498600.45, 7.26577076862e+14, 2.7873204193e+14, -33169.3895047, 86463.3929445,
325513.47782, 3.71564378642e+14, 5.54737882572e+14, -83067.3031647, 55638.6211497,
1.1158292418e+15, 4.69720187818e+13, -4.07807556307e+13, 214739.646312, 247341.044661,
3774.8726852, -6.68880403931e+14, 7.87120522967e+13, -11634.0789679, -98864.242671,
16605135718.8, -8.67402950856e+13, 2.20391232583e+14, -156202.320985, -61477.1978747,
4041975.91861, -6.17137897102e+13, 4.97751170702e+14, -114476.926575, -14193.4472266,
2169782951.05, 1.33330544098e+14, -3.93828925655e+14, 120003.919529, 40627.2542273,
71489010.6509, 2.44164097321e+14, 1.96830248267e+14, -91553.8973485, 113570.830191,
945526.885685, 1.05476534058e+15, -7.18854967928e+14, 40722.7508549, 59751.894459,
2905613627.81, 3.76312303139e+14, 2.21432710824e+14, -62700.1465004, 106555.334345,
9676.66945826, 5.62926357666e+14, 1.49598153875e+14, -27492.5090931, 103452.199148,
1.12390379281e+12, -9.53451555848e+13, 4.65084962199e+14, -116149.566674, -23811.3450352,
193702.282686, -2.70026010581e+14, 8.49367051753e+13, -46073.2771241, -146473.579244,
152636789.161, 9.29931771498e+13, -2.10157521771e+13, 58322.6010711, 258073.274158,
57.4582719949, -6.14815266642e+14, -2.24006541723e+14, 34572.9546813, -94889.9982449,
1607075.38533, -7.36954883848e+13, 3.41560750602e+14, -135094.684373, -29148.1639079,
66771049.2013, -1.56570502358e+14, -6.89151674561e+13, 79572.2892121, -180782.74719,
742439.703315, -5.14645726603e+13, -4.72222134591e+14, 117834.912983, -12842.099082,
7806.99844201, -5.48339758085e+13, 1.08895586971e+15, -78138.1477297, -3934.61794137,
0.918602955834, 1.24725692222e+15, -2.34820181146e+14, 13416.8095803, 71263.9286006,
264.663142919, 8.84273478824e+14, 9.27534287296e+13, -9038.13949215, 86165.9472893,
5.33565636991, -1.40002174302e+14, 1.28934838491e+14, -126855.374568, -137744.216143,
22503388.133, -7.34548037526e+13, -7.80409595626e+14, 91866.8609846, -8646.82121134,
982.784067886, -3.35530296803e+14, 5.77997871551e+14, -86424.1264359, -50169.584044,
1.44209283441e+12, 1.01535672577e+15, -4.60449877758e+14, 31954.4771136, 70464.1152556,
7.73056905173e+11, -2.61005972167e+14, -8.39164281253e+14, 83213.1167982, -25881.8457031,
64117.5216478, -2.78932500392e+14, 1.12179364543e+15, -73738.8817325, -18335.0750305,
5.98771279378e+15, -1.0356819058e+13, -3.37916295452e+13, 415474.563373, -127339.0758,
1.55861524858e+16, 4.04438674152e+13, 1.08023140209e+12, -10844.2269582, 406007.894666,
477859.238165, 8.15096252921e+13, 9.12676430891e+14, -85005.5038353, 7591.70121071,
0.629050100994, -1.16757168265e+15, 1.0057678858e+14, -6476.75506906, -75187.0876059,
4906431.94688, -5.09612771768e+14, -4.06859520765e+14, 63119.2921175, -79060.2057131,
2.98914540808e+14, -7.36193997817e+14, 4.57742756043e+14, -46330.1273539, -74513.3838292,
5360.76763002, 4.7642661422e+14, 3.94999315397e+14, -66280.3204419, 79943.7047779,
42723.4033613, 6.16148949368e+14, 5.19449811195e+14, -58656.8260054, 69576.1956932,
1.09958974784e+14, 4.87309852024e+14, -5.45888758593e+14, 71244.0622959, 63598.9162783,
6425.91519502, -7.13968573833e+14, 4.28951672102e+14, -46099.7859215, -76730.7847223,
1.65218313717e+12, 2.66319597224e+14, 5.71494382693e+14, -93255.8386162, 43457.7453972,
473899081.893, 4.0214744516e+14, -1.22401818061e+15, 68377.1623611, 22465.1084326,
1.21418528345e+12, 4.75894138999e+14, -2.29664398179e+14, 48845.6348106, 101214.430736,
1157801.19183, -1.7935683877e+14, 1.08912176289e+14, -92566.2277201, -152438.290616,
2.0597748542e+14, -1.84719340876e+14, 7.82322307753e+14, -88680.6958421, -20938.9909018,
5.64436855767e+16, 7.37493046385e+13, 5.70835500954e+14, -106793.725537, 13797.2550497,
13728997.0784, 5.00703855151e+14, -1.21511284157e+15, 65887.3539967, 27149.7847964,
61747861920.6, -6.06906001021e+14, -7.96772797141e+14, 64937.0972255, -49462.9261145,
7430353218.87, 2.53682673755e+14, 1.22889968119e+15, -71423.6976397, 14744.0469422,
9.76305766273e+11, 8.11272207364e+14, 1.06445068993e+15, -56163.9106477, 42805.3832802,
2084781167.23, 9.48952417005e+14, 9.56962979799e+13, -8393.16733383, 83229.0965888,
29622058291.8, 3.18735890749e+14, -1.17784051486e+14, 48578.0395569, 131457.226285,
2.01030222697e+18, -3.04300506012e+14, -6.31403596381e+14, 87904.3635121, -42364.8874519,
2.63187303175e+12, 3.58018770499e+14, 8.0882948379e+14, -79430.2077643, 35158.8386603,
1.72923603096e+18, -4.64494912901e+14, -5.37738919343e+14, 73341.2823811, -63351.6588557,
1.18788103278e+16, 2.36052037106e+14, 4.10048365119e+13, -28564.9283993, 164439.371353,
5.16177253422e+18, 9.48343694417e+14, -7.28967287541e+14, 45522.7549573, 59222.434743,
1.92493884459e+11, -4.65751337388e+12, -3.13495916776e+14, 145883.196667, -2167.34223044,
5.4245530404e+16, 3.42081825136e+14, 8.74439477104e+14, -78513.6897885, 30714.6543635,
725498.930463, -1.09378901724e+15, 6.89139700366e+14, -38301.1585794, -60790.8477474,
3.53240286949e+18, -9.85325934494e+14, 6.72024577517e+14, -42149.5228288, -61799.8498258,
356259.037962, 8.64914607002e+14, 5.01469236393e+14, -40981.177875, 70682.7394064,
3211853341.65, 8.98919691531e+13, -2.62020641805e+14, 146818.863875, 50369.4544505,
6.17506955709e+11, -4.19684871205e+14, 8.06068539739e+14, -76011.0301524, -39575.6413096,
35661238347.6, -8.06337867535e+13, -1.28191532063e+15, 71941.1287652, -4525.17068974,
2.3735105099e+18, -5.4033361509e+13, 1.75990613135e+14, -182014.850538, -55882.947641,
878636.327679, -1.11542018737e+14, -4.71943128263e+13, 91471.1311363, -216188.646727,
8.01784681971e+14, 1.34596677247e+14, 1.02920927773e+14, -120554.503477, 157657.300087,
1.33880959931e+17, 4.76476892737e+13, 9.49019691305e+14, -83701.9267096, 4202.44535705,
139985.153769, 2.77380004087e+14, 2.3085251063e+14, -86993.7494009, 104527.026795,
1.05663619314e+13, 2.83962291077e+14, -2.04207950134e+14, 80649.457763, 112147.469212,
1.05654865816e+13, 1.12764217508e+14, -2.29054843587e+14, 145056.558188, 71411.6716428,
1.89742817851e+15, -3.13207018125e+13, -8.34155618057e+12, 116780.970061, -438486.759723,
2989.84022766, -3.4644206137e+14, 8.73853865336e+14, -78329.3278233, -31053.9037169,
2.40375240056e+19, -4.26355699074e+14, 8.35648873231e+13, -23838.588403, -121626.658625,
0.41367442546, 4.87716606847e+14, -5.91244690737e+14, 71984.4935507, 59379.8701117,
25304933.5985, 2.1049441648e+13, 1.30969164419e+14, -221463.252569, 35593.705074,
3.08872418828e+15, -5.00484231939e+13, 8.74049341016e+13, -223386.601046, -127912.082537,
5.26935083511e+11, -5.02489531957e+14, -5.16714868566e+14, 68986.0335281, -67086.8244905,
330.3272395, 1.29474179571e+15, -7.45687204328e+13, 4124.73838548, 71618.1148481,
5.22700962069e+13, 2.75716175801e+14, 1.15416104467e+14, -57699.7599593, 137838.278584,
14.8202914253, 3.42818574893e+14, 5.67074994835e+13, -22617.4879764, 136731.385907,
6.07693073184e+11, -2.25570472515e+14, -9.77882164318e+13, 65533.2398001, -151167.128377,
3.83232003205e+14, -8.59287941181e+13, -4.44579275574e+14, 119198.865898, -23038.8940051,
1.74835262974e+11, -1.14122667009e+14, -2.11227788989e+14, 146688.007343, -79252.955761,
1608034.12861, -1.71069132313e+14, -1.2558865543e+15, 71900.1480066, -9793.79537948,
4219124.75215, -5.98069597105e+14, -1.05566578207e+15, 64530.1526264, -36558.4667399,
12457.3633786, 4.27082275477e+13, -8.61113789049e+13, 236063.693804, 117079.323069,
1.70768262881e+18, 7.27215510695e+14, -3.22942384132e+14, 37170.3223356, 83701.7259676,
4.30402628033, -9.31237463086e+13, 1.05101761383e+14, -163173.315092, -144577.124103,
1.19269233132e+12, -2.97402137925e+14, -1.56838499767e+14, 65720.8817882, -124622.020608,
3.58523999386e+11, 1.12531850244e+15, -1.56837406782e+14, 10579.4547514, 75908.2697284,
1.44306235279e+13, -3.1978713051e+14, 2.19594591526e+14, -74249.5022635, -108126.685205,
1.75250761932e+15, -3.55172940017e+14, -1.03334543623e+15, 73909.2603641, -25403.4792023,
9.94799350604e+16, -3.71449491881e+14, -3.24391097604e+14, 76521.5183988, -87622.253931,
117704683.241, -4.99931861499e+14, 4.72509438313e+14, -67658.4552172, -71585.0620545,
20446.8563929, -2.06580151685e+13, 5.82899377163e+13, -309640.822146, -109737.03269,
6.88912314577e+18, -6.88070478202e+14, 9.95316937433e+14, -61090.9888128, -42232.6841887,
2854.92734242, -2.28360321831e+14, 5.31314342117e+13, -38233.3300442, -164327.872626,
1.0893339925e+18, -3.15065970308e+14, -5.74807274912e+14, 88483.8695591, -48500.1798621,
6952383.31767, 4.43041519817e+14, -8.65278537228e+14, 73752.6586031, 37762.9729067,
287330015.648, 1.25072108487e+14, 5.01568160102e+14, -110250.122113, 27492.2061058,
2.46337596193e+18, -8.36285905386e+13, 2.71883087311e+14, -146405.34064, -45032.8573435,
1.68832317987e+16, -5.99590768201e+14, 5.3869583417e+14, -60813.6288935, -67688.0869544,
4.10332423639e+19, -2.06545273662e+14, -2.57730837559e+14, 110925.736558, -88895.7907817,
98.7651342028, -4.42724360834e+14, 5.501308333e+14, -75737.8562652, -60950.944714,
5763957.15541, 9.73042237071e+14, -2.56425910285e+14, 20753.3246999, 78751.2520486,
297.893890473, 4.58701230885e+14, 2.41246794101e+14, -52822.2452628, 100435.029657,
3.71655083165, -1.61588686662e+13, -7.17521254141e+12, 249341.022108, -561526.06018,
27.4996383805, 3.16566727227e+14, -7.47569711606e+14, 83491.7734965, 35355.522135,
6.88326797728e+17, -7.97499951456e+13, 2.20515780679e+13, -75690.1249142, -273734.926175,
6.97238156288e+11, 4.55966094229e+14, -1.7958446045e+14, 42765.3704879, 108581.549321,
6.72554925114e+15, -1.09799238505e+15, 1.38510988142e+14, -9719.31683761, -77046.1319984,
5.2141404893, 6.44730156042e+14, -7.81644742147e+14, 62609.0535111, 51642.3160846,
2437003.58226, -7.43957669495e+14, -1.24953355513e+14, 15579.6391637, -92759.3500492,
593867923.49, 3.06981218264e+14, -2.35665783501e+13, 11269.5854353, 146799.039507,
7.34387904992e+13, 9.70768102231e+14, 5.63915775579e+14, -38728.2784146, 66669.8449793,
6.78646526013e+11, 8.09873574804e+13, 1.55750953757e+14, -172992.690435, 89952.7131219,
1.08991808646e+19, 5.36753277385e+12, -5.3163638193e+13, 351627.110603, 35501.1452279,
23287856311.7, 5.14091734296e+14, -1.0410713108e+15, 67979.382899, 33568.9193318,
389766.644089, 1.00174164175e+13, -7.64834088551e+14, 93401.4486657, 1223.32571114,
622.397298397, -1.12995223498e+15, 3.69241734272e+14, -23273.7812242, -71222.3420859,
6.90356938027e+11, -3.9626685848e+14, 2.34168409338e+13, -7648.99408865, -129438.589373,
4.83352185884, 1.08343888611e+15, 3.09936154385e+14, -21165.9681068, 73989.5381178,
8.59530755491e+16, 3.18539227226e+13, 1.21101981375e+14, -223268.410478, 58727.1538664,
185326.974731, -3.76993009921e+14, -1.05283113734e+15, 72730.8995915, -26043.1514408,
40338.353518, -6.34593639822e+14, 1.65625015607e+14, -25474.8188738, -97606.9826993,
5885.33360133, -9.87612946531e+13, -1.02736848375e+15, 80044.9252448, -7694.7468923,
276.831525148, 1.38067550551e+14, -2.21703149631e+14, 135692.34927, 84503.5820343,
3.70379099171e+18, 1.51186621134e+14, -2.35247685365e+14, 129962.516158, 83523.005387,
35487.6143798, 9.1613131677e+14, 5.86123047464e+14, -42217.0881107, 65986.8208364,
3.39387533043e+12, -1.08217098502e+15, 6.83604484495e+14, -38563.9254174, -61048.1091067,
1.81834678643e+17, 9.06824305783e+14, -2.9776082949e+14, 26087.0399978, 79447.528328,
12875172.7712, 9.61332101895e+14, 7.65370338139e+14, -45903.1566829, 57655.9815539,
2733215.37449, 1.77898090702e+14, -6.83661220994e+14, 94065.9121331, 24477.2493375,
4067.94246956, -7.03251210713e+14, -9.29425562085e+14, 60344.5932325, -45659.8247153,
8906290.05053, 2.39108613764e+13, 2.48445248328e+14, -162770.105584, 15665.3164311,
1.02935589841e+18, 3.8375257359e+14, 3.46222554111e+14, -76120.0434505, 84371.3450469,
1.08111871666e+19, 8.63737946237e+13, 3.02785771218e+14, -140004.826955, 39938.2973682,
4.67963606183e+15, -7.55008312461e+13, -1.49805764866e+14, 178116.33764, -89769.1191143,
412353.854506, 9.8078001526e+14, 8.79042167073e+14, -47511.0834071, 53009.8814988,
3.5370639518e+14, 6.37652535617e+13, -9.71819032513e+13, 200345.243645, 131455.186959,
3.70638564781e+11, -8.52339908704e+14, 5.21943749028e+14, -42674.8976978, -69688.5794215,
3.23035414109e+13, 3.60043658537e+14, 6.91646698951e+14, -82062.77402, 42718.603924,
1.76007683178e+17, -9.13121679299e+14, -8.68430718302e+14, 50153.1217485, -52734.0889584,
1307.9703622, 4.66246260386e+14, 8.029088033e+14, -73318.0133009, 42575.5071809,
5.8048761116e+13, -3.46342370987e+13, -4.35544063521e+14, 123203.739616, -9797.09720945,
5.91763765153e+19, 2.54859179338e+14, 5.0868924097e+14, -96832.3723688, 48514.1358763,
4.87207138857e+11, -6.68750978189e+14, -1.44815111025e+14, 20901.8112487, -96523.8131546,
2317357.03282, 2.83434134256e+13, 5.45376534772e+12, -90859.3395499, 472199.234887,
24431863.0628, -4.18276763581e+14, -5.23472431611e+14, 77968.2007902, -62299.9125062,
2.41358321193e+18, 3.31727501783e+14, 5.09158839118e+13, -21393.8890451, 139385.606633,
2.19585062231e+12, 1.02623859325e+14, 4.86390221433e+14, -113374.141911, 23920.9002933,
41496054651.1, -1.30539805527e+14, -1.24143840438e+15, 72719.1505266, -7646.56847599,
144.411368534, -5.80898587651e+14, -5.6350754245e+13, 10325.0362998, -106436.889521,
3911.865547, 2.63389777464e+14, 1.00078219743e+14, -54664.9605697, 143869.383732,
2.39822591264, -5.64714181219e+14, -7.32903922697e+14, 67276.8574814, -51837.8934961,
379.241375214, -8.25697012916e+14, 1.77781808435e+14, -18710.6486277, -86900.4923374,
61369872430.2, -1.0133362683e+15, 1.30079527932e+14, -10290.7756403, -80166.4670147,
2.17738889227e+13, -3.30114973575e+13, 8.60653547174e+13, -251230.341074, -96362.6974839,
906.83282173, -6.00299429551e+14, -9.56678137351e+14, 65114.092467, -40857.9971023,
141550.956111, -6.66282083972e+13, -5.78260189311e+14, 106374.03002, -12256.6124579,
151763.400769, 1.07801891684e+15, 7.65722239725e+14, -41140.868492, 57920.0030885,
23292648977.8, 7.89372750882e+14, -9.45072410426e+14, 56503.5222746, 47194.6279675,
19.1194624733, 4.63822754856e+14, -9.34263605647e+14, 71646.8066893, 35569.6390766,
2.60646329228e+16, 1.47601772907e+14, -3.9699543439e+14, 117659.481447, 43745.460417,
2.95148092484, -2.32804776513e+14, -3.28255562706e+14, 105043.67977, -74498.8757886,
1.38971940431e+18, -5.16782846498e+13, -1.99648129303e+13, 125079.267795, -323763.715067,
6.08722130276e+18, 6.93456743627e+13, -1.14114408367e+15, 76264.4684407, 4634.48136795,
1.49367423929e+19, -1.2808584557e+15, -1.83252029683e+14, 10171.6250556, -71095.5943203,
6.42948113001e+15, -7.42861306853e+14, 7.46333278961e+14, -56424.7263787, -56162.2363066,
4734059.62475, 2.54920846972e+14, -4.23058148577e+14, 99563.5587949, 59993.7072974,
6126.91173023, 1.73901727055e+14, -5.75353377218e+14, 100867.405663, 30487.3782671,
1.16975595044e+15, -4.57729936431e+13, -1.92395852519e+14, 178715.351637, -42518.2588257,
50991303.1458, 2.64117615689e+14, -1.52127767471e+14, 73856.1045623, 128225.757633,
202745103.587, -2.5581820299e+14, 2.8691159695e+13, -17946.198626, -160013.200296,
12529.076634, 1.96227856824e+13, 2.89250834025e+14, -151377.097872, 10269.4270832,
4.09751647911e+15, -6.02371474382e+14, -1.0659367521e+14, 18200.5645049, -102853.202629,
7854200.05773, 7.58464735377e+14, 4.23866729497e+14, -42755.4673539, 76506.3921649,
1.12556898292e+14, 4.52261618919e+14, 3.04736354249e+14, -61816.7785887, 91742.7670545,
27810391860.5, -2.63028297544e+14, -7.39468085644e+14, 86881.7625853, -30903.7841444,
1512913319.13, -1.63875703584e+14, -2.44264926713e+14, 125087.689066, -83920.4929307,
18950063.6182, -3.28647978391e+14, -1.13950761003e+11, 49.4098851235, -142504.172113,
1.85830881053e+16, 3.45837536597e+14, 6.91729620906e+14, -83090.7499325, 41542.0988233,
8.80889985038e+12, 7.18005799173e+13, -5.57000629087e+12, 23545.2079613, 303511.252522,
478008.157221, -4.5428236027e+13, -1.40769445451e+14, 202148.053871, -65235.9570944,
53.7844701905, 7.0069445473e+14, -5.77695775697e+14, 54534.1152586, 66145.1126402,
202302.607853, -1.54358698719e+14, 1.03552090076e+15, -78968.771052, -11771.3864878,
2.59451185425e+18, 2.08453048985e+14, -1.4816416531e+14, 93589.3876443, 131671.468377,
108334838.701, 8.57338017609e+14, -5.74752779239e+14, 44776.3891164, 66791.3267537,
439334317.577, 1.45044718402e+14, 1.13165447635e+15, -75862.7910615, 9723.37175053,
55445597.8262, 7.26273155719e+14, -1.07949296212e+15, 59424.147429, 39980.0319166,
262809956.233, 7.10502641074e+14, 7.56237436791e+14, -58449.0554568, 54914.2455134,
1.59788832685, 8.80657915596e+13, 1.76878504334e+14, -164521.456255, 81913.3581451,
24757864.2497, -5.94360192153e+13, -4.41975845892e+13, 179120.715144, -240877.920504,
2911.36987061, 5.06775338902e+13, 1.02794989359e+14, -216442.198584, 106705.170382,
1193416.50531, 3.11379402301e+14, -1.21209905066e+14, 51267.2664957, 131701.867024,
3.812665256e+19, 1.96300501945e+13, 6.53442578055e+13, -299533.919868, 89982.9010146,
2.04163419229e+17, 2.84053697109e+13, -4.2985498651e+13, 300271.095938, 198422.997553,
1.08062302003e+11, -2.1502034921e+13, -4.53032961909e+11, 11734.3489274, -556940.447223,
28024.5974155, -6.55752880219e+13, 6.33560284671e+14, -101818.874498, -10538.5425552,
2.95462457126e+15, -1.63685373871e+14, 1.12417895198e+15, -75847.6395106, -11043.7481583,
49711.4458792, -3.49395962989e+14, 4.99414070548e+14, -85741.6461511, -59985.8650206,
110168.880561, 5.268346905e+14, -3.89131995522e+14, 59974.0526827, 81197.1563549,
4391839821.21, -7.76358007912e+14, 1.0202994855e+15, -57417.6444754, -43689.7682666,
1.65764578969e+14, 2.50409608996e+14, -1.84949900197e+14, 86989.31772, 117777.630666,
10339682.3899, -2.97589650911e+14, 9.0840352505e+14, -79405.2156304, -26012.8563445,
3.95103848268e+11, 4.08914612751e+14, 6.10766676445e+14, -79181.5694551, 53012.8804656,
18267.8329281, -2.39919617995e+14, 8.64619898926e+13, -54846.3155211, -152190.657242,
6.99793742816, -1.04669368828e+14, -3.06121340396e+14, 135904.12446, -46468.4981125,
2.94103236273e+15, 2.32175240643e+14, -1.79551859232e+14, 92249.3742098, 119285.986499,
5.40421945537e+11, -1.17304213052e+15, -3.84866648711e+14, 22920.9470898, -69861.1758067,
50.2262436619, -5.40856338078e+14, -6.7451288628e+14, 68545.3364205, -54962.8930785,
5.98219312108, 3.69701824987e+14, 1.97527456118e+14, -59463.1858666, 111294.139896,
9.61984958961e+18, 2.56132704707e+14, -9.18520433327e+13, 52866.2823291, 147419.517187,
9.89272960381e+17, 1.95704614576e+14, -3.7169285133e+14, 111532.188353, 58724.1962182,
1.72162749456, 8.31174382607e+14, 5.80828305868e+14, -46470.6507533, 66500.2274493,
203875107.813, -1.88469983233e+14, 3.28864039337e+14, -115127.552435, -65978.9009492,
416.612889836, 1.25705808151e+13, -6.27073141376e+14, 103134.301986, 2067.47505574,
3.24427675239e+16, -8.35558871448e+13, -1.94221068866e+13, 63151.5466739, -271684.40261,
9258434.82312, -1.04219977433e+14, -1.69510209574e+14, 156010.729012, -95920.090583,
4.67417749483, -3.54266255512e+14, 1.44734339621e+14, -49944.9808232, -122250.333848,
3.40525189912e+18, 1.06807306801e+15, -2.27712553908e+14, 16300.4628128, 76456.4141399,
8.03093203393e+13, -1.17207948019e+15, 3.11131190288e+14, -19033.634578, -71702.6554027,
0.69879822293, -1.29906255223e+14, -8.21301359378e+13, 111358.150846, -176136.569113,
741.48365354, -3.70510749466e+14, 5.86765145087e+14, -82920.4770669, -52359.8382784,
8.50795654695e+11, -6.39991399999e+14, -1.0871936779e+14, 16981.3513282, -99963.0427525,
78825.171777, 1.83561529707e+14, 4.32142919474e+14, -109736.030504, 46612.6198433,
24918146430.6, 2.96512909642e+14, -1.22789605927e+14, 55174.1517849, 133234.797516,
401381644.183, 7.18699503544e+13, -1.03389166625e+14, 189039.026742, 131408.598314,
56880864.0313, 4.34216076234e+14, 5.86456846169e+14, -76860.7472304, 56908.1464337,
8.9419429299e+11, 2.33330657278e+14, -6.97337969879e+14, 90345.1861475, 30229.6771096,
1.78522340439e+16, -6.19765394518e+14, -7.76762395633e+14, 64060.2608535, -51112.5835443,
9.57229211111e+13, -1.28362575732e+14, 5.50495483571e+13, -86158.327315, -200900.918263,
1806.84428788, 1.1192661732e+14, -7.12450591412e+13, 120434.232994, 189203.244,
8.13566405256e+11, -8.57976996536e+14, 6.55231892864e+14, -47721.8153116, -62488.1362098,
2.59884966008e+16, 6.23386126212e+13, -2.57020571965e+14, 154379.748177, 37443.77053,
81354.3195414, 1.73352917728e+13, -5.00220816127e+14, 115404.108046, 3999.36152246,
4.56495911438e+16, 6.67121295088e+14, -6.49305831544e+14, 59055.4546677, 60675.8009646,
1.66656011633e+13, -6.94379354102e+14, 7.71996340006e+14, -59607.6033052, -53614.6182796,
3.41503555792e+13, 1.94400789544e+14, -8.3790513085e+14, 85806.1564153, 19907.724563,
6.92314099827e+16, -1.0563658627e+15, 7.79771173561e+14, -42341.5171709, -57360.5883764,
480488970.538, -7.4585187267e+13, 7.78608899863e+14, -91951.3574967, -8808.28516031,
1.38667488416e+13, -1.50277966895e+14, -4.30622013248e+12, 6035.02423811, -210609.570519,
4.25143768989e+15, 7.00164830966e+14, -6.12684108182e+14, 55774.6735691, 63738.3349269,
3.09626255185e+13, -2.61492894946e+14, -6.31387272469e+14, 91302.2417358, -37813.3810224,
3.02774637801e+13, -2.1509857644e+13, 1.10747724912e+13, -240425.403209, -466963.651047,
486175.256324, -2.69968481984e+14, 1.47619546576e+14, -70658.1337456, -129220.482988,
8.94630101773e+11, 6.81774396087e+14, 9.43478673406e+13, -13498.4958899, 97542.5215518,
5.11678474045, -1.46472919546e+14, 5.68783310844e+13, -74602.9916206, -192117.415916,
3.7016371263e+19, -7.073500033e+14, -4.90853802003e+14, 50194.7039425, -72333.6029068,
53261.3638889, -1.33307386085e+14, 6.41929466314e+14, -98786.3716375, -20514.6416777,
1798767.82543, -7.8629362267e+13, 5.56492524018e+12, -20542.2423879, -290250.694985,
64.1540831503, -6.75106946956e+14, -3.53426437843e+14, 43404.9926772, -82911.2057031,
1739261.60604, 3.11840737521e+14, -4.15918940916e+14, 90656.2516635, 67970.7260203,
2.00805256228e+16, 5.54637255681e+14, 4.39174260214e+14, -60294.7064942, 76146.7453164,
2.12848092634e+17, 8.86429019308e+13, 3.74602024469e+14, -128133.210128, 30320.4436644,
9.44215976471e+17, -1.52401479026e+14, -1.21686800386e+14, 115427.29786, -144562.030213,
1.49258944501e+19, 9.53765879481e+14, 6.28930608328e+14, -42075.7899177, 63807.4411458,
4.4389999977e+14, -7.95971266776e+14, 4.16064538731e+14, -39932.6244021, -76394.9307671,
2.83332118601e+11, -6.48103986378e+14, 1.06914511971e+15, -62479.5063541, -37874.38804,
27147206.9732, -2.84820213394e+14, -7.67166068591e+14, 84662.0224596, -31431.8584861,
636798.39878, -1.27361251081e+15, -1.33674371372e+14, 7535.58154384, -71796.9408194,
1.12210010883e+19, -4.30404507318e+14, -1.14457814692e+15, 69149.7697232, -26002.91876,
0.57604011388, -8.41801726036e+14, -1.26839714233e+14, 13192.3256619, -87553.9855937,
2.96578549823e+18, -7.36539399125e+13, 1.02120788483e+15, -80527.8380181, -5808.01679149,
9255274.45581, -1.12748922366e+14, -7.2037647608e+12, 15497.3368564, -242554.842937,
3514.00876719, -7.41465571427e+14, 4.78544712992e+14, -47158.0789924, -73067.5546885,
47787.1451228, 4.91717014629e+14, 3.30686705054e+14, -59224.3412498, 88064.0673717,
1.92023624346e+17, -8.8162822364e+14, -1.92175877343e+14, 18316.5507264, -84029.2148182,
2.30697688921e+18, -8.4981045936e+14, -6.6078525026e+14, 48332.9018555, -62159.0834721,
251.364495159, -1.26406733729e+15, -3.31571662518e+14, 18131.8286679, -69124.88302,
0.0264636513626, -4.21446130145e+14, -1.15416015643e+15, 69229.4125767, -25279.3928642,
10653.3632177, -3.83169138425e+14, 1.47948284977e+14, -45914.7962661, -118914.07142,
824477.547775, -7.96394279579e+14, -7.97663450806e+13, 9100.58434484, -90861.0430343,
1.55838865135e+11, -4.27686324248e+14, 5.18156486731e+13, -14969.9298754, -123561.789664,
7.0750785386e+17, 4.19297872718e+14, 8.053201279e+14, -76046.1870471, 39594.1978259,
1.50052365583e+14, -1.17763109602e+14, -1.13113402421e+14, 140048.33541, -145805.246058,
2589.11017022, -6.91067555353e+14, 1.12612215296e+15, -60575.449012, -37173.3451413,
1.95244280128e+15, 4.97528961562e+14, -1.00012650937e+15, 69205.7866835, 34427.527778,
1112998.76884, -5.94045437191e+13, -3.65331196758e+14, 132540.761414, -21551.7413401,
2.28047362079e+12, -1.29712693734e+13, 3.98616717599e+14, -129291.693588, -4207.2429761,
4.3638788516e+17, -1.11762509876e+14, -3.14502956168e+14, 133243.263688, -47349.639429,
7.55451813291e+16, -6.79595941401e+14, -3.34451702199e+14, 41448.4219471, -84221.9643298,
12803078.9611, 8.96199716126e+14, -6.88408458396e+14, 46813.9930585, 60944.4680379,
7.04953994136e+17, 7.71134235947e+14, 4.10719265369e+14, -41086.6161858, 77141.0037257,
3433073751.38, 7.50404840373e+14, -7.36469613706e+14, 55805.9327778, 56861.8735908,
2.84888468004e+19, 1.0548122675e+14, -2.89280307145e+13, 65332.4015154, 238223.677456,
1.11616145884e+12, -1.31793334527e+15, -2.42856205999e+14, 12788.679917, -69401.6759225,
47564678.3051, -5.79207918955e+14, -5.62765776775e+13, 10356.393903, -106589.732496,
1.45455961608, 1.37134471233e+14, 4.72203712163e+14, -111880.459724, 32491.6286983,
30567696744.0, 3.80228566522e+14, -4.99707673271e+14, 82045.4122633, 62428.5180381,
1.03270311279e+16, 2.4135166929e+14, 2.55876359101e+14, -100203.880062, 94515.8583911,
163.675662132, -1.49125220296e+14, 9.39261837434e+13, -103710.773411, -164660.069383,
2.89644267483e+17, -3.23542937632e+14, -2.25882715843e+14, 74448.0446853, -106635.600642,
1.62958038076e+13, -1.95609202715e+14, 2.13541034495e+14, -111943.190995, -102542.906527,
5.60740854948e+18, -3.16632936066e+14, 4.76586882053e+14, -89956.9377759, -59765.2398757,
1.89442495749e+14, -1.16469551054e+14, -1.34222769857e+13, 27315.131942, -237022.4633,
4089.2370952, -4.26740992788e+14, 7.39050304158e+14, -76583.0970734, -44220.4633325,
1520348.37997, 1.03268722188e+15, 1.55554998871e+14, -11907.3722409, 79049.7974906,
335.522448623, -3.0745557156e+14, -6.44090461084e+14, 87268.522691, -41657.4924553,
6.71305241102, 7.06836845995e+14, 5.4019203588e+14, -52593.6898199, 68818.411532,
0.88227023674, 2.18646319534e+14, -4.40586505945e+14, 104343.848591, 51781.8819971,
3.06599730723e+16, -1.88906103842e+13, -5.91372821155e+13, 312330.563512, -99769.8029959,
1131.03785094, 5.49880540268e+13, -7.56750331696e+14, 93540.8946029, 6796.99968497,
48074644.2239, 5.28961997244e+14, -2.47040955701e+14, 45243.7581225, 96875.5508228,
7053.32569226, -1.03415614817e+14, 1.33562778666e+15, -70372.5773972, -5448.84093491,
564544.803737, 8.74029013688e+14, -8.92460990878e+14, 52221.8921248, 51143.3545368,
312.682587278, 3.21815452521e+14, -5.93725197394e+14, 87398.0066865, 47372.1330925,
434181833.07, -1.86698854484e+14, 4.64358172331e+14, -107142.045813, -43077.3019887,
154633.615353, -6.51961818472e+14, 3.59261937007e+14, -45698.2394218, -82929.762954,
75259179.6209, 3.00489771437e+14, 9.17473379292e+14, -79014.4714373, 25878.7241116,
2.08399287437e+17, -7.50615590121e+14, -1.77885397132e+14, 21449.0968639, -90507.8593277,
58231794792.7, -1.11586583123e+15, -5.20371356198e+14, 31116.758634, -66725.6706672,
501149.089371, 1.17782019554e+15, 4.69002895057e+14, -26841.7787299, 67408.5158227,
4.80856939067e+17, 2.52054273855e+14, -3.25561426159e+14, 100671.66768, 77941.4330321,
14793233.0333, -5.31882076972e+13, -4.11422343008e+14, 125791.233362, -16262.1460896,
3088.12033142, -5.01331275614e+14, -4.59719074314e+14, 66946.6466503, -73006.4285745,
3.85844702399e+12, 9.30577741594e+14, -9.24032147379e+14, 50265.4719555, 50621.5389856,
1708106295.25, -6.62724041091e+14, 1.15256627418e+15, -61421.2670271, -35317.145057,
2.22803593676e+16, 1.00581123585e+15, 7.70890396436e+14, -44145.9771377, 57599.0050309,
4.82380436323e+18, -1.20971952186e+15, 5.13986030738e+14, -27865.1549298, -65583.5370657,
626993277.129, -1.0814648196e+14, -3.05561963085e+14, 135270.358882, -47875.7672544,
1106868390.02, 3.4483676302e+13, 4.24580459009e+13, -271145.649481, 220219.715934,
12472978596.8, 4.28869396231e+14, -5.96391235792e+13, 17100.0781945, 122967.940684,
5.59230492853e+13, -1.46145571009e+14, 5.89334199533e+14, -101759.146836, -25234.6607944,
1.54497502975e+12, 6.19293292126e+13, 3.06645418459e+14, -143170.494399, 28914.3491064,
239503.222148, 1.91688439738e+14, 4.21556777414e+14, -109281.762604, 49692.121412,
2.02257686454e+15, 7.89660000871e+14, -7.41746833176e+14, 53736.1741033, 57207.2645157,
9.60386195469e+16, 1.00685987461e+15, -4.96415383348e+14, 34096.5162537, 69156.628161,
1.56243370575e+19, -2.64700756894e+14, -4.62718754992e+14, 97122.677242, -55559.5508075,
2545665689.38, -1.25224752776e+13, 1.08775564748e+13, -415974.490896, -478878.716045,
1140997001.92, 2.38066699355e+14, -4.98135180411e+14, 99200.4617283, 47409.473225,
1.20295476796e+12, 8.46973094103e+13, 4.98830207211e+14, -113229.409721, 19225.432243,
40582585.6319, -4.57256433102e+13, -8.38811888536e+13, 232068.196257, -126505.927142,
5270496138.95, -7.31235113618e+14, 2.50398633242e+14, -30103.9729472, -87912.1494928,
6.70859272411e+16, -2.03888594021e+14, -4.61209459421e+14, 105220.6799, -46515.3002581,
58352062182.0, 1.78417747492e+14, 1.1638840542e+14, -96707.5823704, 148248.005887,
1.69690828192e+12, 8.46450955068e+14, 3.46076746594e+14, -32330.6228534, 79075.7739765,
1.81013409896e+13, -5.95457258109e+14, -8.56528807887e+14, 65675.0267337, -45657.1582707,
35184743931.8, 4.75710838918e+13, -1.87975971349e+14, 179854.831093, 45515.8667188,
19.0999077913, -8.05825594795e+14, 7.9949831529e+14, -54005.0135641, -54432.4126079,
33227782451.2, -1.08288878199e+15, -1.17607721976e+14, 8451.49828414, -77818.2973804,
1.95815879341e+12, -3.94209179477e+14, -5.07308581669e+14, 80480.3467987, -62538.0540009,
568729.47507, -2.80068135553e+14, -1.68924117848e+14, 73778.1144018, -122320.597013,
15459995.6607, -8.08681558205e+14, -6.0657941767e+14, 48755.4368894, -64999.9349237,
8.70022432803e+13, -9.66451377381e+14, -3.12948492496e+14, 24969.9246295, -77112.4278593,
5.44402379222e+14, 1.37534931913e+14, 1.6315557351e+14, -135217.134229, 113983.720872,
1.0132301068e+17, -1.11662060299e+14, -1.13038231391e+14, 145805.289725, -144030.199809,
599.169407132, 3.63781147506e+14, 9.65434838751e+14, -75263.960228, 28359.8734152,
27702522.7628, 8.77453640415e+14, -3.74704078855e+14, 32846.0449222, 76916.3809967,
3.91534525146e+11, 1.79088683994e+14, -9.7569117169e+14, 80675.9187522, 14808.1119708,
161073993.587, -5.10120085613e+14, 1.03429083592e+15, -68226.3184, -33649.7377474,
1.03025921684, -2.61972288267e+14, -2.56056935883e+14, 94347.0406033, -96526.6183195,
9.16309814785, -1.50803780108e+14, 5.38410503258e+13, -68645.1714532, -192268.748077,
504588318.751, -7.53658422856e+14, -9.0243652205e+14, 57827.7362694, -48294.1009692,
6.39843993205e+14, -4.243675984e+14, -1.78844587312e+14, 46752.4625243, -110935.592399,
1.95021440483, -5.89541857755e+13, -6.95217779507e+13, 206375.128191, -175005.271808,
3.40254285145e+17, 8.78724591719e+14, -6.35836378399e+14, 45984.3238291, 63550.2427275,
1.235197873e+18, 2.44210968532e+14, 2.57482639634e+13, -17285.9171578, 163949.327887,
1.26753059092, 7.63063117071e+14, -3.15374478439e+14, 34340.931446, 83089.4697695,
1140570.45689, 6.53103189756e+14, 9.35066334435e+14, -62712.5388773, 43801.9824585,
1.6194632137e+12, -4.53071470959e+14, 6.80691615577e+13, -17931.7654473, -119354.655797,
53257356102.0, 1.13897240258e+15, 1.42708400366e+14, -9479.79751092, 75659.3705715,
64621912.245, 3.61874397206e+14, 7.24401641932e+14, -81215.3771627, 40571.0919929,
3.36963377726e+18, 2.84623585703e+14, 1.29017663996e+15, -69404.879555, 15311.2876736,
16.9795602005, 7.52086950511e+14, 2.58347768156e+14, -29762.2026999, 86641.9881574,
166.207925506, -1.80722266673e+14, 4.51020191892e+14, -108791.516968, -43592.393189,
2.06011694461e+14, 4.14655680271e+14, -1.44880511992e+14, 40658.7257192, 116367.421265,
2.50972690118e+15, 1.43927059083e+14, -1.34174064752e+14, 125582.666522, 134711.159699,
9410386.4746, -3.44157230757e+14, 3.76801951564e+14, -84439.490288, -77123.9666444,
96.483858728, 9.15604551091e+13, 7.36821257469e+13, -149401.182258, 185652.084582,
1788046204.51, 3.30619290512e+14, -1.09813254202e+14, 43628.4253892, 131353.898517,
9.80250101593e+14, -2.83151477286e+14, 7.21132668605e+13, -37300.0934441, -146458.162574,
64737.440914, -6.89923676731e+14, 3.35062463487e+14, -40751.2598709, -83910.5005943,
74515312191.6, 8.09127216032e+13, 1.0244723921e+15, -80337.3483093, 6345.03530617,
2.33989019691e+12, 5.40374273395e+14, 2.06656252991e+14, -38365.3359016, 100319.444543,
162388.114463, 4.73075528518e+14, -1.04690203148e+15, 69457.154089, 31386.3942298,
8.07008964084e+11, 4.14093312605e+14, -4.21866120005e+14, 75828.8176038, 74431.6852752,
6534.93253302, 9.18166388714e+14, 4.49308460782e+14, -35516.4278177, 72578.1798382,
1.83045893791e+11, -7.69096682812e+14, -1.20592080963e+14, 14342.6496326, -91472.7083824,
37.1997632764, 8.8596529799e+13, 5.79223165224e+14, -105496.330587, 16136.4554419,
3.16980550619e+18, -1.51809265338e+13, 4.37406299067e+14, -123412.307388, -4283.23317659,
4.00622912782, 1.13094273927e+15, -5.90559616176e+14, 33477.8559604, 64111.2888314,
1.31916197855e+13, 1.05911127109e+13, 2.75506650696e+14, -155469.806819, 5976.61886929,
2785102681.5, 1.49442188734e+14, -1.39867775639e+14, 123390.476326, 131836.963639,
2.0258364747e+14, -2.29444862308e+14, 7.43815560542e+14, -88481.8377627, -27294.0015768,
98203372.4435, -4.5922072845e+14, 6.9888592341e+14, -74660.3472343, -49057.4754689,
1.52917847727e+12, -3.1164655068e+14, -1.24154391151e+15, 70034.0829875, -17579.6282281,
25081775.5685, -6.53978841125e+13, 2.5514598456e+12, -12449.1838982, -319091.94545,
47349418.3007, -4.42908772577e+14, -3.35950393801e+14, 66216.6004735, -87298.3445803,
1466.68592664, -5.52746638815e+14, 1.73481630751e+14, -32140.7597649, -102406.789999,
1.09904074053, -6.10887616541e+14, -7.84465646429e+14, 64641.5037081, -50338.3345206,
5751117955.43, -2.67798321496e+14, -1.78210582337e+14, 79799.4987209, -119915.279628,
2.75055277408, 4.46002118634e+14, 2.81535685583e+14, -60045.6918652, 95122.9529974,
1388263471.8, -6.17157657111e+13, -2.35923253969e+14, 160047.158858, -41867.1444746,
2.99557782382e+14, 3.71270491746e+14, 1.12564980202e+15, -71261.5982635, 23504.0494676,
1.58961273387e+16, 8.76196904042e+13, 3.24359620882e+14, -136062.593029, 36754.76696,
413394790.037, -8.8589028199e+14, -5.70755520662e+14, 43100.8354197, -66898.3651699,
1.7424450348e+13, 4.70921554326e+14, -4.98300097545e+14, 71707.0909701, 67767.2248153,
4402338.87887, -1.14208328107e+15, -1.31669655656e+14, 8726.32376259, -75690.8524205,
49.7399373224, 3.14081551794e+14, -3.63019855181e+14, 89169.9074454, 77149.0112842,
8.21655816639e+17, 4.40206093329e+14, 1.07782493266e+15, -70092.180603, 28627.1026595,
708804781.298, -6.93818823375e+14, -2.47855006006e+14, 32018.495227, -89629.1547328,
8320812.63812, -1.32963274795e+14, -1.17238129905e+14, 128326.327072, -145538.73133,
3.51750971557e+15, 1.59221825005e+14, 4.70531327965e+13, -56820.6520252, 192273.869469,
1.61658301612e+13, -4.57661758409e+14, 9.90369040821e+13, -25250.3118896, -116684.808021,
2.0799330619, -1.14271880583e+15, -6.62235865432e+14, 35643.3259237, -61504.2176989,
26270022.2711, 5.8107590141e+14, -3.72903575758e+14, 53100.8525705, 82744.2475185,
5.50992662465e+17, 1.50340352137e+14, -9.35698185483e+14, 82855.8703143, 13312.605403,
100676.162729, 3.46092308411e+14, 5.02469382881e+14, -86133.4770832, 59327.2643684,
4.36714023727e+17, -3.35854025908e+14, 1.22444090965e+14, -46801.2067145, -128371.843578,
3261574.03508, 1.55518229672e+13, -1.0374034865e+14, 249448.13525, 37395.0279653,
212107.095822, 1.89060390014e+14, 1.25963009463e+14, -95034.7662938, 142639.573768,
5.69970859736e+16, 2.08147165057e+14, -4.93033867444e+14, 102880.107322, 43433.5328542,
1.29085824484e+11, 9.50904614336e+13, -5.57796489611e+14, 107059.231923, 18250.9426894,
15560.4173917, -6.70313090075e+14, 4.0755516197e+14, -47918.1834292, -78811.8728517,
1378997.49746, 1.19245766967e+15, -3.74623420835e+14, 21901.0591705, 69712.9024225,
66237631.801, -7.98947807345e+14, -1.81466212833e+14, 19990.6458124, -88013.5337037,
21.8450812144, 4.63290281426e+14, -3.51079872117e+14, 64716.1608523, 85400.4195492,
1736955845.7, -1.69571040387e+14, 6.26720332234e+14, -97868.6106724, -26480.2038157,
94120059.6801, -9.46250324958e+14, -4.3935831998e+14, 33683.1695762, -72543.7728335,
2920291.44386, 9.71434496521e+14, 3.60432494565e+14, -27918.1222127, 75244.6780032,
812406402.641, 5.1923617713e+14, -7.40353257067e+14, 70335.5651987, 49328.8435506,
2.04662748337e+13, 5.8508247293e+14, 9.12082232326e+14, -66056.603667, 42373.9874071,
102952523.837, -9.18782631726e+14, 4.93209062314e+14, -37837.9108054, -70486.9758591,
5.47096550045e+12, 9.15094468677e+13, 4.29781999859e+14, -120538.924658, 25665.221729,
1.57803391585e+13, 7.69549055612e+13, -5.92280699083e+14, 104827.799952, 13620.2538053,
1882473.62309, 5.35125088644e+13, 3.89569501988e+14, -129066.037822, 17728.9224587,
1.09288930747, -4.09210800251e+14, -2.17823080796e+14, 56379.2273203, -105916.180438,
15662183332.5, 3.18435404525e+14, 2.10595459625e+14, -72934.3653761, 110281.979411,
2069.40746049, 1.9862038316e+14, -1.1988540208e+15, 73112.2205215, 12112.8819703,
113830983.009, -1.77812947508e+14, 2.18856782505e+14, -119402.467252, -97010.0373348,
9.35416649894e+14, -7.18850910345e+14, 3.90994834796e+13, -5229.30140376, -96141.6300171,
29142.7295068, -6.33273348869e+12, 2.34044185429e+14, -168774.096286, -4566.66492103,
2.33716136608e+18, 4.16392935079e+13, 8.6553703382e+14, -87659.1593867, 4217.11067665,
127056048.345, 3.53174528448e+13, 1.90583143119e+14, -182453.892181, 33811.0004274,
41589405.3044, -6.67705610685e+14, -9.02057374682e+14, 61982.4489908, -45879.5971484,
6.01271964787e+16, 2.24829816129e+14, -1.38170505382e+14, 83265.7793619, 135489.334804,
2.77089141165e+11, -1.57399894734e+14, 3.43155266192e+14, -120851.891772, -55432.8518817,
6.48530751232, 4.64259387215e+14, -2.88382492106e+14, 58308.8159067, 93869.8287278,
30.9241185325, -8.42559360201e+14, -9.23439918089e+14, 53976.6549806, -49249.0469552,
5.47940468804e+16, -2.79558091836e+14, -5.34892109541e+13, 28776.6311339, -150399.303818,
3943300.05683, 1.27369502279e+15, 3.66754873937e+14, -19634.7665631, 68189.1536346,
1450.90972324, 4.57424965216e+14, 3.28388303335e+14, -63490.3561608, 88438.2106899,
349705.83217, 3.3567730695e+14, 1.03586879747e+14, -40643.061876, 131705.420513,
1304777183.59, -9.952042467e+14, 5.88170146726e+14, -38658.9159957, -65412.2239727,
73.0005191972, 3.2944040624e+13, 2.91665454868e+13, -258166.301693, 291602.621729,
1.19462708588e+11, -4.8407812107e+14, -1.28384100086e+14, 29593.0941575, -111582.114972,
1.42541328864e+14, 1.91986471575e+14, 1.06178918235e+15, -77391.8615852, 13993.5409791,
2.94990978435, -5.55147299011e+14, -3.31001046147e+14, 52039.7204697, -87279.8155666,
43.3100458673, -5.99985683553e+14, 1.13400107015e+15, -63752.294337, -33730.5359781,
1.12130332655e+17, -7.88375813644e+14, -8.88607704408e+13, 10272.8564653, -91141.1361178,
2138490095.54, 4.41345714655e+14, 3.42383321514e+13, -9496.9237082, 122419.122593,
2.16635721415, 1.27949439629e+14, 7.91220910336e+13, -110779.092837, 179142.419847,
1.90232283285e+12, 7.65236920866e+14, -1.07275057513e+15, 57937.2695939, 41329.027283,
6.78741576608e+18, 1.69085163199e+14, -1.12672051926e+13, 13194.9553881, 198014.60496,
2.57346089365e+17, 3.23247412359e+13, 1.06771470796e+15, -79007.2750693, 2391.92145929,
1.22444621559e+14, -4.34199460664e+14, 5.85227433484e+14, -76857.1758253, -57022.8639024,
1395117566.36, 9.13407646682e+14, -1.29983871783e+13, 1216.24102943, 85466.2844898,
1.35704799235e+15, 2.65522352162e+13, 9.80676407582e+14, -82450.1681732, 2232.37373921,
7.69071551931e+18, 2.51755621607e+14, -1.69103556021e+14, 82715.4706892, 123143.978932,
1.52898710208e+14, -2.53654205867e+14, -1.05578134725e+15, 76230.306961, -18314.5288799,
1759.60463337, -1.24634389774e+15, -8.84837307477e+13, 5175.61665697, -72901.5174081,
14.8754357257, 2.36634262401e+14, 7.86453618159e+14, -86323.1546772, 25973.580086,
43533.5343254, 3.99725310256e+14, 2.59297326268e+14, -64409.4530728, 99291.7627943,
9517595525.18, 9.70495072052e+14, -6.31656819931e+14, 41413.2100285, 63628.4054607,
1.7554190037e+15, 1.41780633032e+14, -9.9230921531e+14, 80776.8861329, 11541.3601663,
5.21821085415e+12, 8.6881337166e+14, -1.76633171581e+14, 17285.5642376, 85023.2672146,
195041.030851, -1.83506187377e+14, 4.74737803243e+14, -106809.181636, -41286.2543596,
4976322587.85, 2.60470534816e+13, 1.0561020927e+13, -183098.681795, 451583.345028,
9.00347075441e+11, -7.89640889189e+14, -7.48188504705e+14, 53873.8256877, -56858.6330217,
1.12104486873e+14, 9.9445502065e+13, -4.14649031696e+14, 121656.896982, 29177.039557,
59726718067.5, -4.08336970259e+14, -1.18950647775e+15, 68900.7719124, -23652.4415608,
1.17637950049e+11, 1.14240351611e+15, -8.12967652313e+12, 543.901899332, 76430.5246894,
232893.541141, -1.15518283362e+15, -1.95492639941e+14, 12593.6074322, -74416.7101301,
1.36666016516, 1.34736314191e+13, 1.88767042666e+14, -187315.960774, 13370.0574991,
1.26037784842e+17, -1.86945724432e+14, 7.09272700071e+14, -92237.9557363, -24311.5115717,
21646347.6573, -7.85955997711e+14, -5.71779745163e+14, 48748.987498, -67009.297602,
2.82489168872e+18, 9.60927093427e+14, -6.91774508697e+14, 43864.4053941, 60930.9754123,
5819503.81583, -1.1396154186e+15, -5.89792576312e+14, 33147.8645696, -64049.3269575,
48537751938.3, 9.77358738752e+14, -6.31552259003e+14, 41102.3961228, 63608.0157448,
3.57158886342e+13, -5.6570731921e+14, 9.56766962507e+14, -66701.5992306, -39438.6348677,
5.41911789811e+16, -8.80281422924e+14, -2.97701528008e+14, 27149.9645672, -80280.4392756,
4.41993029983e+14, 5.42585131646e+14, 9.8406563233e+13, -19632.4102339, 108247.392667,
8.75915770282e+14, -3.54147026668e+13, 1.88110552127e+14, -183502.340353, -34547.1359728,
7472933.01162, -9.11170437858e+12, -1.92429212647e+14, 185920.85789, -8803.52765363,
71793397.2881, -3.90830219057e+14, -2.02264657579e+13, 6749.31471772, -130415.079984,
4.14588238874e+17, -1.62900942213e+14, 1.88112950952e+14, -123800.317296, -107207.86757,
5.41739676707e+15, 4.50067277243e+14, -1.36924836621e+14, 34667.7836274, 113951.824741,
9239109.89536, 9.34688918765e+14, -2.21432974145e+14, 19215.358812, 81109.7941533,
9758854365.02, -7.76234574404e+14, 9.86863293091e+14, -57304.9532025, -45074.2126815,
5.97161309791e+11, -1.08786427643e+15, -7.40047976365e+13, 5309.90833834, -78055.2042152,
89910875279.1, 3.24089493296e+14, 4.57837578516e+14, -89029.6187345, 63021.3974954,
2.39716533216e+17, -5.69624744622e+14, 1.13001712827e+15, -64848.6605052, -32689.2405039,
3018.12149874, 9.51855062549e+14, 5.39890031329e+14, -38529.1330483, 67928.9266693,
8.25463288087e+13, -8.39399466983e+13, 1.0068624209e+14, -173311.337053, -144485.920742,
1450334.04415, -2.73633864034e+14, -1.06438466178e+15, 75474.1242925, -19403.0194218,
3.90246127389e+17, -9.74018877559e+14, -8.8445820494e+14, 47879.7142703, -52728.0376742,
7.19931010702e+13, -6.4615136867e+14, -2.12489730601e+14, 30944.4048366, -94097.5805337,
1.41643298237e+13, 1.79730697072e+13, 2.43703007388e+14, -164814.66294, 12155.0630726,
7016.63221463, -2.59852479732e+14, -2.61358961777e+14, 95428.7778932, -94878.7231354,
3692214134.96, -2.29270030182e+14, -8.57130684725e+14, 83783.9260799, -22410.9853999,
1.41086002872e+14, 8.03334450479e+14, -7.05250993392e+13, 7955.93928713, 90624.1916021,
20590.8401152, -7.08292663957e+14, -1.55638946461e+14, 20588.882703, -93697.3354629,
3419.51488593, 4.07370083971e+14, -5.40048805381e+14, 79297.4814937, 59815.7451196,
8099267.05004, 9.78435242004e+13, 1.24471931412e+14, -161414.571083, 126882.987296,
1.61568275166e+11, 2.77451305763e+14, 1.55367720782e+14, -70783.396255, 126402.998116,
1.23640852992e+11, -6.72365659999e+14, -5.55104989992e+14, 55701.2567151, -67467.6194759,
1217408.5455, -2.12713035362e+14, 9.12230266859e+13, -66929.1963698, -156064.899745,
8410811.35302, 1.84988504426e+13, -4.94427111647e+13, 333017.682633, 124597.623404,
2798.24165677, -8.5451757788e+14, -6.39019555154e+14, 47363.5484942, -63336.066029,
