# mass, x, y, vx, vy,
1e+35, 0, 0, 0, 0,
199280.869709, 1.01838892263e+15, 2.60002031014e+14, -19712.0389145, 77209.0971547,
2391.63484169, -3.68822198626e+14, -1.43368733016e+14, -47052.8748074, 121045.533242,
4.11069473227e+16, -1.32766498151e+14, 4.80803397885e+14, 111499.867761, 30788.9816337,
3535.61542498, -9.46933273028e+13, -1.24630841551e+12, 3493.68017114, -265446.49448,
425869823.584, 1.61590929335e+14, 1.1702055399e+14, -107274.979835, 148133.495313,
61575963360.5, -5.35464622485e+14, -4.95037249087e+13, 10255.638313, -110931.68257,
3.78718414927e+12, 1.59771269326e+14, 5.30192310064e+13, 62712.0226622, -188980.097835,
3983.70580657, 1.49795783237e+14, 1.22623731181e+15, 72959.3713532, -8912.63548345,
6630.1602721, 7.28544891315e+12, -1.29223091944e+14, -226719.748424, -12782.1979794,
5.64660940812e+11, -2.75344788236e+14, -7.50848539779e+14, -85766.9700727, 31451.7335537,
4.16199890268, -5.17544326283e+14, -8.86812656528e+14, 69631.4251176, -40636.935812,
28632370654.3, 4.04960003069e+14, 8.35440204368e+14, -76294.9523681, 36982.184941,
477757249.219, -5.24987288333e+14, -9.83789344767e+13, -20588.7616832, 109869.43723,
5.39555316797e+12, 2.18050837842e+14, -1.72800149722e+14, -96195.7744678, -121386.290772,
3.47569051435e+17, -9.48579523022e+14, -2.13999182786e+14, 18231.6109582, -80814.0134064,
8.11132847255e+11, -2.79605568909e+14, 2.80889656734e+14, 91969.06247, 91548.6256523,
1063.36496013, 5.00215833022e+14, 7.71548594068e+14, -71485.8321929, 46346.1995454,
65.5562057273, 1.764617133e+14, -1.08339016613e+15, 76961.2369502, 12535.3839776,
122820833.37, -5.83379048728e+14, -5.44800420989e+13, 9923.75313402, -106264.779543,
6.972247917e+11, 1.39021041363e+14, 5.48014301295e+14, -105313.125853, 26715.9823944,
0.99103951581, 9.05035215047e+14, -5.41795273165e+14, -40856.8600812, -68248.8367492,
3.24272966299e+19, -5.37584199424e+14, 3.03430111358e+14, 51109.4385852, 90550.0990059,
3.40895895589e+12, -9.43430299307e+14, 3.4008522906e+14, 27664.5416489, 76744.1940367,
1.21139441522e+18, -3.59977422971e+14, 2.50599529833e+14, 70476.9111189, 101237.607511,
1.84122957519e+11, 3.57443424381e+14, -9.04518373599e+14, -77040.6490282, -30444.5705128,
1280805.04787, -3.66357865193e+14, 5.60875069353e+14, 83564.2228619, 54583.2966501,
29650.3701442, 9.87605209927e+14, -7.80960735542e+14, 45159.1916919, 57108.4447159,
5.25646273144e+13, 8.65070809924e+14, -9.15477060556e+14, -52908.0368709, -49994.9155249,
2.00597164964e+13, -5.48450079019e+12, 2.03836438163e+14, -180849.148729, -4865.99603119,
2009056.58874, 5.16675479738e+14, 9.50267413094e+14, 69009.709924, -37521.6749415,
31462038391.7, -4.94299325653e+14, 5.97368607075e+14, -71479.5024608, -59146.512632,
4.22299128626e+16, 9.86360409199e+13, 4.77864999764e+13, -107589.544719, 222075.413365,
4.85732961377e+14, -7.51250223189e+14, 2.58869859509e+14, -29857.3360197, -86647.1299177,
364179828.313, -2.93199483391e+14, -2.43543717946e+14, -84550.6257682, 101789.526762,
4.61460446748e+13, 2.52915253381e+14, -1.62843912543e+14, 80637.0871483, 125238.635019,
2.20905833489e+12, 1.01485503501e+14, -1.24066621702e+15, 72978.2505355, 5969.56248072,
1.87589078433e+12, -4.00766593447e+14, -5.14397108502e+14, 79805.4773799, -62176.4173619,
2.47146881801e+13, -1.22213549375e+15, -1.41302198667e+14, -8459.36312164, 73165.7965906,
2.51325430013e+18, -6.78489103756e+14, -1.51023095263e+14, 21289.7868505, -95646.883506,
0.264664246481, -1.71955385448e+14, -3.33395590995e+14, -118544.970536, 61141.9186456,
1.65266826128e+13, 8.31956334461e+14, -8.43993459939e+14, -53443.6819171, -52681.4623789,
72950812253.1, 9.2435666523e+14, 3.06322328312e+14, 26041.9333712, -78584.0027393,
90450949.779, 4.55408265811e+14, -6.6799375361e+13, -17475.5378959, -119140.401602,
11514.6103392, -9.25429207473e+14, 5.59260839578e+13, 5118.05926711, 84690.3840959,
0.0833157366228, 2.36089928931e+14, -4.97913937701e+14, 99439.7872261, 47150.1810283,
2.55088505724e+13, 9.67868956911e+13, 3.20927092601e+14, 135093.723324, -40742.2819989,
7.16099803753e+11, -2.25705156076e+14, -1.45184465105e+14, -85313.414304, 132629.048686,
1.55575442195e+16, 7.61259188549e+14, 1.28894279555e+14, 15521.0608063, -91668.5379333,
10465614905.1, 5.33190999904e+14, 3.86442922333e+13, 8076.95604366, -111441.043948,
267429.394861, -8.08510574886e+14, 4.12696774172e+14, -38983.0319058, -76371.3106318,
1.27475473685e+17, -5.3778342054e+14, 1.82526369265e+14, 34841.2940417, 102654.045885,
1.34599333249e+15, -1.09147004743e+15, 1.86939835598e+14, 13105.6871948, 76519.0842195,
61311803128.9, -6.80613451961e+14, 3.39630725167e+14, 41823.9866691, 83814.4662196,
199254415.604, -5.00728569062e+14, 2.614657086e+14, 50311.7538521, 96351.1913216,
645.216683672, -7.1839915842e+14, -2.93557148871e+14, 35078.4693961, -85844.7596652,
4.7332947473, 1.76385830264e+14, 5.66223995534e+14, -101281.964143, 31550.5938941,
16415671196.6, -6.01659260411e+14, 5.29178002423e+14, -60274.2520901, -68529.9875812,
48759.7991971, -3.14554870164e+14, -1.29301686934e+15, 68811.8572205, -16740.0018724,
491.485491879, 1.28172995907e+15, -7.26258967431e+12, -408.864447161, -72157.9814676,
0.327411717401, 4.04121644855e+13, 9.6800794868e+13, 232767.743116, -97175.3210761,
9.00403882173e+16, 1.55996127466e+14, 9.36551832791e+13, -98581.1882338, 164201.094558,
204701635.484, 2.19048332125e+14, 1.5020802642e+14, -89647.5248815, 130732.965957,
5.38514611611e+11, 2.36260242417e+14, 1.04515156331e+15, -76978.6640462, 17401.3018465,
2216.85639186, 3.71594289642e+14, -8.26234522123e+14, -78278.0387089, -35205.1038897,
52290.8632021, -1.18540616378e+15, 3.69345047624e+14, -21809.5074587, -69997.2146285,
2.31126889919e+11, -1.4179240194e+14, -2.69906104682e+14, -130979.514898, 68808.7438565,
4.62436434125e+13, 3.16927606673e+13, -1.67903909194e+14, -194204.673408, -36657.1705467,
11336.2295214, 5.91743061034e+14, -3.74971201113e+14, 52244.0682828, 82446.5046777,
2.39554811854e+11, -3.06832946449e+13, 8.70192030317e+14, 87494.5164332, 3085.08919182,
7204359.4252, -4.5649727825e+14, -3.95993312008e+14, 68862.4480968, -79383.9672959,
10103799491.3, 4.93608976253e+14, -6.87756109035e+14, 72134.5725362, 51771.6557284,
1.43549283495e+15, 7.40985737607e+14, 4.30814373156e+12, 551.769260294, -94902.3936534,
2.74894760268e+18, 2.56352050502e+14, 3.2354624455e+14, 99662.1038104, -78964.244214,
10989189.9188, -1.17333312719e+15, 3.22064886317e+14, 19603.9758476, 71420.3729245,
5.03880112021, -8.03526048898e+14, -4.06989010709e+14, -38894.8426775, 76790.8185155,
9.46631665687e+14, 1.09988656255e+15, 3.90395719177e+14, 25294.5659125, -71263.9810996,
1.88450966343e+12, -9.09629703719e+14, -2.20969569193e+14, 19932.1044137, -82051.2720308,
16917442122.7, -7.04898200149e+13, 7.56893473397e+14, -93295.9592105, -8688.69346085,
1.2342014423e+16, 9.71917693883e+14, -5.09056221549e+14, 36187.061093, 69090.2958791,
138.57037294, 4.46103876416e+14, -1.36220613292e+14, 34933.6988663, 114403.085592,
1.62111554311e+12, 4.10803658975e+14, -7.26639532452e+14, -77839.0520472, -44006.0937563,
8.33514104516e+15, -8.06502484991e+13, -9.4303650457e+14, 83667.1931171, -7155.3750925,
9.39343606019e+11, 6.11419225566e+13, 2.31735140479e+14, 161352.965504, -42572.009151,
83109905.278, -7.09813162298e+14, -7.4594739733e+14, -58322.7857342, 55497.5875299,
1.09338933087e+13, -3.64221047026e+14, -4.82641377706e+14, 83861.6313387, -63285.4383863,
14869.4709714, 1.17721468181e+13, -2.72217737151e+14, 156360.233579, 6761.85044171,
2814568.28743, 2.53714699904e+14, 1.94369326686e+14, 87880.0288179, -114711.799023,
44.4193309746, -1.73059629126e+14, -4.39421283465e+14, 110607.888164, -43561.2948764,
1.59794866616e+13, -3.96705427951e+13, -6.5443603393e+13, -252537.092898, 153082.700703,
5.36024291693e+19, 2.00859910349e+14, -8.63043031117e+14, -84526.9737296, -19672.3451245,
624006.720348, -7.17855793934e+14, -1.04939653679e+15, -59798.5791238, 40906.1350864,
233028.271624, -2.17907264319e+14, 8.3674752153e+13, -60614.9261395, -157854.458986,
7.87557089161e+16, 1.29336396873e+15, 1.05572603489e+14, -5834.45319395, 71477.5546776,
6418.00635683, 1.91454868178e+14, -7.76487024623e+13, -67550.143572, -166555.311587,
401588.643093, -5.64721437038e+14, -1.14629320986e+14, 21408.4896052, -105468.940326,
20580.9746639, -6.31510561253e+14, -6.38696339067e+14, 61296.8136039, -60607.1818394,
227907752.854, 5.59695648759e+14, 3.35015714091e+14, -51950.2481835, 86790.9373719,
7086577.81064, 3.78386797573e+14, 2.65417170608e+14, 69005.9196888, -98376.939611,
1968426.73324, -1.0218163011e+15, -6.35885518765e+14, 39345.2576023, -63224.6283371,
97000991470.8, 3.01221201992e+12, -4.80152362592e+14, -117893.740531, -739.600530931,
6.76412691027e+17, -2.83717085696e+14, -1.97302641872e+14, 79342.8987036, -114093.434215,
85581694.6626, -1.0920009059e+14, -1.00925480844e+15, -80612.359397, 8722.15507447,
56280.2235949, 2.09354171112e+13, 5.35721401591e+14, 111487.596727, -4356.81556359,
36616316.0198, -7.18104636118e+14, 3.35858936835e+14, 38871.7192251, 83112.1602792,
213012569.155, 3.07739246931e+14, -5.55752764287e+14, 89668.5097012, 49652.5099327,
2.03450145402e+14, -5.91535778594e+13, 3.59834559462e+13, 161352.43233, 265248.943373,
7.85366547366e+15, 4.92169055204e+14, 6.13791355003e+14, -71855.7554397, 57617.5910225,
4.14927095817e+17, -1.02709951818e+14, 1.0035315788e+14, 150662.864121, 154201.181523,
2.75336157243e+15, 1.25285169507e+14, 4.94372852996e+13, -81707.558327, 207065.279434,
475.285286164, 1.98274874279e+13, -3.49487481439e+13, -354476.345839, -201105.208739,
8.51571965381e+18, 5.36983045339e+13, -1.0336135292e+15, -80192.9275645, -4166.1840951,
54590175.845, -3.34099331751e+14, 2.00748553238e+14, 67395.2492015, 112163.735968,
4.62672372632e+17, -6.48112607172e+13, 1.67278158827e+14, 179853.001604, 69683.3337927,
2692602.01348, 3.84813475164e+12, -4.12678711623e+13, -399546.308958, -37256.7809554,
11384783024.6, 7.17947169991e+14, -6.42829581997e+14, -55512.4101881, -61999.2901854,
17329143.5196, -1.30559703522e+14, 2.86969956696e+14, -132433.432365, -60251.8460996,
9.48675644963e+11, -3.42170547736e+14, 4.62699177354e+14, -86586.9406179, -64031.88583,
0.876263361204, 3.64031694015e+14, 8.52402507323e+14, 78037.1817675, -33326.9872284,
1943.74602385, -7.1712364668e+13, 6.19403263983e+14, -102770.703495, -11898.4361154,
45579.6477568, 8.13122916321e+14, -7.30498053449e+14, -52220.5891253, -58127.1332909,
1.88338105771, 2.38626060175e+14, -5.10413409719e+14, -98592.5415473, -46093.5181248,
2.23422704134e+18, -2.66128427947e+14, 2.28173897466e+13, 13503.1945975, 157493.209801,
27807782951.7, 3.20847356311e+14, 8.0305682085e+14, -81579.5730619, 32593.6965683,
287.030846422, -8.20373735442e+14, -1.01026874549e+15, 55591.8483757, -45142.5351083,
5.59112333463e+11, -1.00959418903e+15, -1.48719780505e+13, 1197.48726215, -81292.224693,
3.59210905932e+11, 5.53906865524e+14, -3.29680305678e+14, -52042.2817307, -87437.9714278,
2.9278806084e+17, 1.37307459821e+14, 7.10014816298e+14, -94319.220672, 18240.0878199,
1.93181003291e+17, 7.60850715555e+12, 1.67676337224e+14, -199199.04118, 9038.88619763,
1.96501146354e+11, 7.94756926754e+14, -9.37767251214e+14, 56212.111798, 47639.7156769,
1.54682458751e+15, 7.79677459662e+14, 7.85071703143e+14, 55106.6434942, -54728.0046371,
2.64160911413e+17, 3.55860456616e+14, -3.68907527494e+14, -82125.6987002, -79221.1772904,
1.85674387207e+12, 4.12221019896e+14, 1.3772025506e+14, 39267.1115407, -117533.392314,
4908152944.74, -9.14984310905e+14, -5.38340793477e+14, 40207.3455794, -68337.9205776,
4.17983592148e+14, -2.6907413278e+13, -1.31863214311e+14, 218194.329292, -44523.7515546,
49671518.6655, 2.60220077848e+14, -4.03429573075e+13, 24390.0873965, 157320.9022,
4.70662094822e+12, -7.04208562117e+14, -1.5141320083e+14, -20234.1274167, 94107.0243262,
254132648.353, -6.35928090192e+12, 9.75914913802e+14, 82693.8655282, 538.851812102,
1.0363510229e+17, 7.84271866151e+14, 1.17599681043e+14, 13603.6926291, -90722.9790949,
24492.7470513, -3.59629669402e+14, -2.27971425848e+14, -67029.6779474, 105740.712156,
0.196154204429, 9.39942269898e+14, -9.45617481178e+14, -50178.5018354, -49877.3508887,
1.99079942733, 1.15739404698e+13, -1.19523814476e+15, 74719.7376046, 723.539320382,
5.41798291254e+16, -2.25686529656e+13, 1.53246488801e+13, 277856.919555, 409200.657098,
4328263.51626, 1.99122705395e+14, 5.29356341336e+13, 46239.9493856, -173936.214606,
1.77949080694, -3.80441007092e+14, 8.16325177499e+14, 78026.4044474, 36363.5040373,
2.81499083955e+16, -1.58729437711e+13, 1.49392542941e+14, -209590.775688, -22269.0003929,
403927731.77, -4.75736840176e+14, 5.33601052489e+14, 72120.4868122, 64299.6717265,
6.4460931239e+14, 8.70614508015e+14, 2.2497232531e+14, -21554.059555, 83411.4904106,
7.71821797467e+16, -1.82512646371e+14, -2.35231439091e+14, 118290.236569, -91779.6711169,
7.35969360499e+19, 8.38277933743e+14, -4.12405045555e+14, 37310.8862524, 75840.2278801,
51652036109.0, 3.79810489743e+13, -7.42305576471e+14, 94634.6366454, 4842.10665126,
12804778.5092, 1.23175136938e+14, -5.52305507484e+13, -90973.7304632, -202889.552173,
4.62985192873e+19, 1.64499991692e+13, 1.46872580257e+13, -366389.950785, 410363.48483,
2.67980183591e+13, 9.40427163251e+14, 6.85952439289e+14, -44621.9454267, 61175.8004678,
7027439.28433, 7.65294131111e+13, -6.8681901656e+14, -97668.1099413, -10882.7550683,
3838853.37373, 3.80117101921e+14, -2.87147695682e+14, 71344.6012852, 94443.7426664,
1.56919834207e+16, -5.60096316e+14, -1.42835748901e+14, 26552.9620973, -104121.106684,
221210044.802, 7.69841489295e+14, 6.98411485967e+14, -53840.0723626, 59346.563343,
1.96611732488e+12, 5.2744240859e+13, -3.31338684196e+13, 174123.566332, 277179.084722,
6.18713668196e+15, -5.38410056247e+14, -2.01478439408e+14, 37762.7686245, -100913.300892,
6.35005326274e+15, 2.80333581006e+13, -5.61501740914e+13, 291761.916707, 145664.130584,
1368538.04882, 1.0387472226e+14, -9.51784741959e+13, -147037.973566, -160472.510143,
3.17615357789e+12, -2.11538507935e+13, 9.1859916373e+13, 259298.094655, 59712.1510875,
4.54957925141e+17, 9.17744381695e+14, 6.37348927399e+14, 44084.6292989, -63479.232676,
3.76589988789e+13, 9.66501608479e+14, 8.8071516011e+14, 48119.6579424, -52806.7744343,
10435.0882774, -8.6152420577e+14, -8.86859797115e+14, 52698.3406278, -51192.8674661,
2481.19470093, 5.64366551273e+14, 9.35964105928e+13, 17671.4731409, -106555.243831,
1025792.79015, -9.89685233606e+13, -1.12601122902e+13, 29261.7901549, -257190.700047,
745368054.694, -4.03838047482e+14, 4.68732333769e+14, -78685.2225496, -67791.539757,
2.43994531847e+16, 4.55736018459e+14, 1.04537241223e+15, 70126.4201439, -30572.0096793,
4016.49951614, 2.75441794188e+14, 2.61840794616e+14, 91304.0613341, -96046.7390402,
123715.467153, -2.55237317349e+14, -1.013049608e+15, 77505.2635338, -19527.4104927,
18128032146.8, 8.98200262536e+13, -1.74065221271e+14, -164037.198313, -84645.4297499,
3.95143768746e+13, 7.25595036245e+13, -1.57664500109e+14, -178136.785337, -81981.1480225,
84686729.8659, -1.1353186038e+14, 1.30862367262e+15, -71013.886944, -6160.9298886,
7.06644945431e+11, 9.08600917519e+14, -8.17402801003e+14, 49423.2203617, 54937.3984433,
2.42076608726, -2.81573851618e+14, 8.43737265451e+14, -82166.6037183, -27420.819289,
9209.01089173, 8.59465847866e+13, 4.91799037974e+13, -128937.482503, 225330.580511,
34275.9691777, -8.8831487687e+14, -4.40378120231e+14, -36441.1184833, 73507.7111948,
1.58017158916e+19, 3.60857671319e+14, -1.96835399142e+14, -61017.3988459, -111862.990872,
62.6113309526, 8.95708840622e+14, -6.89795465929e+13, -6618.157436, -85937.6788751,
26732908852.7, -4.22941411932e+13, 1.16839540244e+14, 217917.304862, 78882.7587047,
1.31745284297, -2.10689406274e+13, -7.5556707673e+13, -280973.885492, 78349.3920475,
3.98357277842e+18, 7.35678752418e+14, 9.54765628567e+14, -58943.4242522, 45417.8737898,
117.489464731, -1.04936856847e+15, -6.76143807098e+14, 39603.5849342, -61464.376058,
2.0895028329e+12, 3.80411115254e+14, 4.83557774884e+14, 81857.222228, -64396.4357864,
1.04833718836, -7.99063599239e+14, -4.70286991414e+14, 43033.4628993, -73118.0627571,
1.53235327401, 1.03092276825e+15, 1.59368911929e+14, 12219.8283766, -79047.4073328,
5.05243813055e+13, -2.2380589313e+14, -1.33876918088e+13, 10302.1556268, -172224.097638,
15.0154878072, 4.74072802364e+14, -4.31745069829e+14, 68694.3781169, 75429.0867837,
7.33952934778e+13, -1.18258179865e+15, 1.49912139913e+14, -9410.01796716, -74230.9193863,
70605356.63, 8.17897679482e+14, 1.66430300332e+14, 17830.4322303, -87625.0845925,
2.18037183048e+13, 6.68438970811e+14, 1.36889653033e+14, 19842.1793611, -96890.3467636,
562347.890372, 5.34929499349e+14, -5.53971954853e+14, -66968.5526207, -64666.5485711,
13779703621.0, -1.32151200671e+15, -2.30297788806e+13, -1238.16149686, 71049.1096262,
2.10659577123e+12, 5.39735029086e+13, -5.0396537856e+14, -114097.998491, -12219.6264176,
1.38716610402e+12, -2.56210236686e+14, -3.09392810932e+14, -99275.2686184, 82210.5077139,
3993.90561788, -6.4550641473e+14, -1.39989476687e+14, -21304.3264878, 98236.5227361,
6.08112879969e+11, -9.66299616163e+14, -7.51795566835e+14, 45337.3902141, -58273.1592128,
9.57264093649e+13, 7.20593915712e+14, -3.55048304555e+14, -40285.7802773, -81762.6440828,
52.0345036795, -9.00342889052e+13, -1.68719123154e+13, 49716.8426672, -265306.059709,
34.1400038813, -1.22377971847e+13, 1.81141933593e+13, -457844.207391, -309315.708468,
2.10548666425e+15, -2.82590004425e+13, -1.54552511161e+13, 218422.92308, -399373.224906,
9.7914412469e+13, -2.06930270853e+14, 3.02053255092e+14, 111381.018705, 76304.7706985,
4662396828.1, 2.57643709224e+13, -1.42186707312e+13, 230103.742295, 416950.239526,
1.0316187786, -5.05859225718e+14, 4.6165821965e+14, 66545.5248211, 72916.8597637,
8.48906254452e+17, 9.279056833e+14, -8.64089870838e+14, -49443.1700294, -53094.70695,
2409.63747965, 2.58250430565e+14, -1.29819611639e+14, -68247.6240954, -135765.144304,
4247622859.89, 1.44608248483e+12, 6.6874483327e+14, -99899.0500015, 216.020011328,
19.2766834954, -5.17313442764e+13, 1.33702942774e+14, -201225.886308, -77856.817404,
46021392961.1, 3.96742290195e+13, 1.9010714334e+14, 181471.29399, -37871.9786734,
60.3926702497, 6.37164294399e+14, -9.57656219004e+14, 63417.9541202, 42194.3231687,
1.34748736079e+12, -3.94560265613e+14, 3.19390925487e+14, -72143.0608885, -89122.085178,
1.44591295781e+13, 8.71418848208e+14, -1.04282082742e+14, 10361.6971377, 86586.0936782,
72862835.7039, 2.76447118323e+14, -1.26792136113e+14, 61756.3675897, 134648.491474,
6.4293805387e+18, -1.9670345319e+14, 6.37769608905e+11, -597.221619903, -184197.480273,
1.17934103097e+18, 7.33915865822e+13, -3.64631496361e+14, -131319.940275, -26431.5586087,
2.32103137645e+14, 4.48165445349e+13, 8.05477460511e+13, -235135.337087, 130828.655337,
5.90026476563e+16, -2.85356395244e+14, 5.90946488792e+14, 90813.6069933, 43852.0983239,
70.4317647055, -5.0390218991e+12, -2.7539722707e+13, 480271.765468, -87876.699757,
628011790.486, 4.63879610093e+14, -1.25168655199e+15, -66301.8350476, -24571.7023495,
4.23456187765e+13, -4.37653174897e+14, -3.90944201999e+14, 71044.6926384, -79532.9234552,
9.31486609066e+18, 6.94765207911e+14, 1.34959182373e+14, -18517.1448473, 95325.6218921,
103176.254023, -3.03907024745e+14, 9.29071895033e+14, 78534.0134953, 25689.1189048,
1.77352530543e+14, -7.55827334134e+14, 5.18917231191e+14, 48291.2568662, 70338.4851094,
34875153593.8, 9.73935208488e+14, -8.44363690155e+14, 47135.4246658, 54368.5738555,
330.294351336, 4.92061861432e+14, 7.82734443418e+14, -71929.9719434, 45218.3958235,
5339952.48969, -3.69585778597e+14, -6.54595945666e+14, -82049.9808651, 46325.5329684,
9.05762531949e+15, -1.54923288797e+14, 7.2078805248e+13, -83368.4444801, -179188.785889,
83176637.6507, -4.73902468092e+14, 2.35856561582e+14, 50029.5010198, 100523.402239,
24764.8133631, 2.38113910666e+14, -5.35969869929e+14, -97487.8940476, -43310.6877767,
25.7798628863, 1.71472912774e+14, -1.51808133441e+14, -113158.527315, -127816.750289,
2.41054861335e+14, -1.18288778597e+14, 8.10896953536e+14, 89300.0895466, 13026.5608657,
6.57312612858e+14, 1.86438885974e+13, -1.40656026406e+13, 321953.936618, 426748.393309,
10875.2928785, -1.08934061519e+15, 4.85576513637e+14, 30456.0504329, 68324.9946881,
2.91103297915e+16, 4.34250368503e+14, 2.62995164754e+14, -59395.658302, 98072.4741811,
74608797571.9, -2.05998092804e+13, 5.99558070783e+12, -155863.433422, -535520.60405,
36105353676.4, -8.98780497072e+14, 5.194825749e+14, -40123.6271271, -69419.7173804,
3967.90299528, -3.33691619325e+14, 7.21238311466e+12, 3055.63735924, 141373.601799,
216797.4829, 3.7139552486e+14, 1.29101735204e+14, 42777.3693207, -123060.495708,
30737.8432239, -5.20898216448e+14, -1.22732655104e+15, 65127.6958158, -27641.2993453,
2.65982538624e+15, -2.12572117542e+14, -3.5175730768e+14, -109062.441487, 65908.0383691,
0.0280901919754, -2.4479275769e+14, 3.52375320587e+14, -102428.932009, -71156.6879655,
202.50354621, -7.73630904773e+14, -7.41356588872e+14, 54604.8714161, -56982.0471185,
851.369574068, -8.30387811974e+14, -5.80791954867e+13, -6247.44912826, 89322.9592553,
1.88559722428e+12, 6.61997102711e+14, -2.77875411574e+14, 37316.4404535, 88900.9046311,
137651207.538, 5.70203675487e+13, -5.81880583621e+14, 106331.832478, 10419.8014863,
39281.6262828, -3.44171082302e+13, -3.10412990198e+13, -254151.209191, 281790.709467,
52.8733655745, 6.37505130653e+13, 9.84337361689e+14, 82083.8541404, -5316.15279424,
9.60826490309e+18, -1.78614108055e+14, 2.10631005871e+14, -118565.091225, -100542.64294,
69032662999.3, 5.65326755875e+13, -2.92278596627e+14, 147004.727985, 28433.7296434,
24397970.8012, -1.33566425407e+13, -6.23328451668e+14, 103439.188161, -2216.48836545,
58.0546890624, -2.50974563342e+14, -4.50241188271e+14, -99388.9466139, 55401.6338959,
69756299.5047, -4.54611898325e+14, -5.46452669484e+14, 74489.483243, -61970.2442196,
162528.556813, 2.12744341695e+14, -9.2421882139e+14, 81750.1483976, 18817.9261251,
3.98217164879e+19, -2.19653632387e+14, 7.54369758444e+14, -88489.9286556, -25766.0570845,
340574.044184, -5.89002335776e+14, -5.67505718522e+14, 62675.8643129, -65049.9709029,
5806947.30443, 3.68582707268e+14, -1.61741427635e+14, 51742.9239978, 117913.804076,
2514752.01338, -1.3370173001e+15, -5.89007576515e+13, 3107.9706924, -70549.357082,
40015624200.6, 1.49986549651e+14, 2.51513595451e+14, -129661.121612, 77321.5627553,
6.38727021407e+11, -2.03167533708e+14, 9.95805391914e+14, -79400.3022664, -16199.5142004,
21.2075784024, 7.19385540336e+14, -8.8901407594e+14, -59385.4977871, -48054.4341984,
2829.06035803, 9.62029980827e+13, -2.33344364228e+14, 150335.75247, 61980.2846082,
1.0995944482e+16, -6.49235193951e+14, 1.0949191027e+15, 62282.7340814, 36930.7128183,
18154587.6629, 1.51672381115e+14, 1.23195198479e+15, -72777.3375576, 8960.01809723,
2.50449261398e+12, -3.86259250441e+14, 6.36204614912e+14, -80944.1578731, -49143.6701571,
4.39307560805e+17, -8.53586188137e+14, 4.96347790589e+14, -41327.1621713, -71071.7273113,
5.06731512175e+16, -7.12323245165e+14, 6.58703346674e+14, -56310.4280553, -60894.2205191,
0.973040481234, 5.85428229705e+14, 1.494816858e+14, -26001.4817946, 101831.88245,
8.93896726233, -5.57946480908e+14, 3.83283089982e+14, 56223.0231166, 81844.0435121,
2.94157853557e+18, 9.28161223017e+14, -1.65247585517e+14, 14747.8545777, 82835.6232795,
6906575.21873, -1.77254056091e+14, -5.03988842074e+12, -5513.87008812, 193924.102338,
86400751242.2, -1.81226409906e+14, -5.64717190669e+14, 101006.635038, -32414.5787432,
2510921.12322, -6.5804787254e+14, -4.02930816127e+14, 48565.4893656, -79314.8989275,
9.03739447556e+14, -2.73259760258e+14, -2.77972334052e+14, 93312.8862834, -91730.9163941,
13525606.3924, 3.28416361275e+14, -1.11894251671e+15, -72589.3860309, -21305.4215667,
1.47163618508e+14, -1.04729431839e+14, -5.02093091274e+13, 103630.360838, -216158.098976,
6797.92600078, 3.57843384588e+14, 5.33676009753e+14, 84648.0816419, -56758.6990609,
3.80088228679e+11, -1.76783288687e+13, -5.61966580313e+14, 108896.941256, -3425.67691347,
2.52202702467e+18, -5.79112760798e+14, 2.48874683063e+14, 40628.1022791, 94538.553248,
7807568149.17, 1.11734291575e+15, 1.09469301008e+14, 7517.85845033, -76734.07799,
4.83958323308e+16, 1.21090379078e+15, -2.83132332815e+14, -16679.3934846, -71334.6321052,
4.06457657719e+11, 3.26342508673e+13, -6.4964492918e+13, -270745.976677, -136006.481807,
2.08408793668e+11, 8.79820822577e+14, -7.56879746463e+14, -49454.5193065, -57487.4886793,
7.88104601967e+13, 1.00609017176e+14, -9.16668434657e+14, 84564.2333808, 9281.35418111,
20.9802116584, 2.84179366456e+14, -4.83550814435e+14, -94045.4115796, -55269.8179445,
21341.3229268, -3.04310127931e+14, -9.42546180704e+14, -78116.8391401, 25220.7751715,
6.74285172307, 2.83102122706e+14, -8.39649779854e+14, -82238.1345212, -27727.9777938,
10166521273.1, -5.22150666206e+14, 1.85311775338e+14, 36708.0805558, 103431.898391,
12216941154.5, -6.69548171506e+14, -1.31536702484e+14, -19064.8178652, 97043.7429299,
10730850105.8, -1.41554855368e+14, 3.47484395572e+14, 123513.754811, 50315.8470451,
470489441.832, 1.53194200777e+14, 2.98670259779e+14, 125464.817403, -64353.5196368,
77458.337291, 3.39165841933e+14, 7.84560848925e+14, 81109.8721589, -35063.8170609,
3.74384278817e+12, -8.5750089004e+13, -1.05810029964e+14, 171981.751914, -139376.678551,
22608234295.4, 8.64442974944e+13, -9.40678355187e+14, -83701.5346906, -7691.81126113,
757.549404405, -1.14912337554e+15, 6.35997865746e+14, 34519.2318983, 62369.4801767,
2.86890825654e+12, 2.95391319582e+14, 7.64644029373e+14, -84169.7848261, 32515.8150115,
215.553069168, -1.97896502036e+14, 1.32817372627e+15, 69729.0151865, 10389.5506461,
4.50469663621e+11, 2.90908989519e+14, -1.41456114618e+14, -62812.7995755, -129176.516001,
38409.3668117, 3.61586571903e+13, -1.04907517457e+15, 79689.8618586, 2746.684381,
1.20252190212e+13, -8.37550201009e+14, 8.18678664385e+14, 52766.2536332, 53982.5798077,
51863173.0834, -7.97332362923e+14, -4.97006410143e+14, -44583.6090214, 71524.1365165,
3763243.30823, 2.51386650061e+14, 1.00221530175e+15, -77953.9851944, 19553.2747931,
527181.130304, 7.65522229241e+14, -1.75449567426e+14, 20593.6591415, 89854.332989,
4.51316568717e+17, -6.3985258254e+14, 1.04307141163e+15, -62950.871903, -38616.0309937,
9.10307244316e+14, -4.60697161528e+14, -1.62964729456e+14, -38972.8196833, 110175.173884,
1473.8100032, -3.70448672601e+14, 3.80677339685e+14, 80332.8218585, 78174.3070086,
350.498435577, 2.21856503808e+14, -6.79216529787e+14, -91869.0426317, -30007.7275989,
1.56643586037, 1.12626597288e+15, 5.70355800168e+14, -32848.6499071, 64865.3290356,
6833803.17061, -9.99449768053e+14, -1.94407340754e+14, 15458.5162013, -79472.3613414,
47677.5066623, -6.10456561326e+14, 1.04007735002e+15, -64156.665738, -37655.716233,
1603660915.0, -6.41375331338e+14, 5.92314129118e+13, 9360.74984605, 101360.979571,
336.240273053, -3.10819058496e+14, 4.75519699146e+14, 90726.6055979, 59302.6076167,
40456038937.1, 9.28015935575e+14, 4.30685054136e+14, 34000.4950505, -73262.3547562,
983481439.268, 1.04125203813e+15, -8.26900204152e+14, 44059.5520107, 55480.8163062,
8.72155192884e+17, -1.03400946061e+13, 4.48811970319e+14, -121895.603791, -2808.32989897,
3.31274208905e+17, 5.47729064855e+13, -3.43600965015e+13, -170730.729241, -272159.25504,
6.6455112578, 9.93040633673e+14, -2.34491198049e+14, 18586.4035224, 78711.073529,
888381818.067, -3.17762879171e+14, -3.76914607673e+14, 88957.0985073, -74996.4664912,
7023508.57563, -1.81944535111e+14, 5.10234622782e+14, -104549.029631, -37281.1325283,
19663969.1117, 7.67517230945e+14, -4.26945603031e+14, -42376.0619541, -76179.1607607,
8.09942704289e+18, 2.88763595177e+14, 1.52653970474e+14, -66806.0198503, 126371.73086,
33.7832937039, -7.49516404106e+14, -9.2163322749e+13, 11473.3818824, -93307.0518179,
303421.948197, 7.77703603969e+14, 8.58281498532e+14, -56251.8904085, 50970.8038396,
320031914.591, -1.04132889038e+13, 6.16456790957e+14, 104027.66512, 1757.25232778,
36755.2114124, 1.03048351981e+12, 7.74093573456e+14, 92852.968568, -123.607089835,
2.98479793337e+17, 1.09687017268e+14, 9.05327327938e+13, -137893.375514, 167067.89461,
0.769353798793, -1.0335149953e+15, 8.02817314204e+14, -43808.1360834, -56396.847399,
1804592736.59, 6.77834136227e+14, -3.8953480733e+14, 46036.6525354, 80108.9248481,
3.95942602497e+13, 4.13294665862e+13, -1.96172876625e+14, -178536.895114, -37613.9391335,
1.62322129214e+11, 1.12674127614e+15, -2.3468931492e+14, -15528.0425812, -74549.9918469,
3.66075607504e+11, -4.27575699232e+13, -6.25885977426e+14, 102903.203499, -7029.86019439,
5.5942317172, 3.52007901906e+14, 1.20975843934e+15, 69883.0483144, -20334.1298693,
2.30144310533e+15, 4.07861578332e+14, 5.56638142381e+14, -79327.9098074, 58125.3853022,
1.94777602495e+15, -5.221848052e+14, 1.21861576822e+15, -65215.5374488, -27945.2831703,
2.45014715393e+17, 1.2449431485e+14, -8.23923395006e+13, 116690.734472, 176318.977291,
1.41316699006e+11, 8.0716427279e+14, -5.91975649161e+14, 48290.6024415, 65844.6830668,
5.25028825352e+16, -1.63117843224e+13, 7.27278859542e+14, 95758.8254359, 2147.72818841,
3.78171035364e+13, -3.58853218862e+14, 7.58833315598e+12, 2882.82716794, 136329.255368,
1291.72782116, 1.0554703907e+15, 3.14337029606e+14, -22219.7875741, 74608.8613918,
8.30977731619e+15, 6.73483196834e+14, 8.53388638401e+14, 61506.0300739, -48539.7577314,
21430056089.5, -7.84825956344e+14, 7.39452493209e+13, 8631.06973741, 91606.7985861,
4.67159020528, -6.80145674518e+14, 8.34056844297e+14, -61029.1488491, -49767.2453539,
1889528.34315, 4.57181756552e+14, 8.23435518743e+14, 73596.5582988, -40861.734809,
6.41702562269e+16, 4.70926838711e+14, -4.90426932422e+13, -12297.6952477, -118087.208584,
9.97315203705e+11, 1.00864280284e+15, 8.66279373192e+14, 46161.103304, -53747.1698618,
2.63273446872e+13, -6.52903766359e+13, -8.35271815032e+14, -88980.5491464, 6955.30899341,
0.124670051613, -3.43423256407e+13, -1.78822463444e+14, -188011.771642, 36107.1051234,
1078.28333132, 1.15140831001e+15, 3.90048686149e+14, -23772.931867, 70176.7555615,
5.04064509242e+15, 9.39206456328e+14, -5.39144741536e+14, 39082.6897563, 68083.2283464,
3006.54792199, -2.17141952305e+14, 1.27009096053e+13, 10228.2151568, 174867.365942,
53.7496520995, -2.85903034815e+14, -1.55416268938e+14, -68396.4751974, 125821.83296,
175138000.032, -2.48752782761e+14, 1.28436566917e+15, -70121.9892482, -13581.05435,
3626883.6101, 2.91814088955e+14, 1.01092860872e+15, -76518.069021, 22087.6631715,
105.569374054, -5.37848597782e+14, 7.72799274944e+13, -15762.0875471, -109700.111791,
1.30695902504e+11, -4.25861471582e+14, -1.86163664694e+14, 47998.2313724, -109799.071044,
5.8130622536e+15, -3.3845994856e+14, -1.28521342265e+15, -68527.4724282, 18046.6562084,
202287.766577, 4.39342170189e+14, 8.61355852922e+14, -74008.6569168, 37748.7699565,
2123.85945778, 1.10489614596e+15, -1.88376413376e+14, -12968.940213, -76067.5490189,
1482420702.84, -3.89730420984e+14, -1.99164547128e+14, 56193.0718625, -109960.080091,
2.50216004609e+17, 9.12260926163e+14, -5.91333145882e+14, 42617.8154022, 65747.3169239,
8.12686227987e+17, 8.76336988339e+14, 3.38570974767e+14, 30375.3335443, -78621.7080076,
109547.464693, 1.80722358741e+13, -1.11769416211e+15, 77258.5340675, 1249.20975548,
2.80566381365e+19, 6.90398910443e+13, -2.03802167568e+13, -86206.0322442, -292030.999695,
93249362.4863, 2.00320887158e+14, 2.97214142231e+14, 113155.249292, -76266.0879949,
5.47263257517, 6.30654616945e+14, 5.04584693665e+13, 8191.46032663, -102380.875587,
1.54903183962e+11, 2.56275562371e+14, -8.55738390573e+14, 82803.0033197, 24797.7494939,
6.28334785206e+13, 4.3471716642e+14, 4.70952340571e+14, -74983.7163061, 69214.4530818,
74.6446174266, -7.29361682373e+14, 3.23091703763e+14, 37046.1802403, 83629.7064606,
3.01887849338e+11, 3.45466111181e+14, 2.20464091813e+14, 68650.473169, -107574.942484,
2.0527422999e+17, -4.59990473847e+14, 5.39042830406e+14, 73822.0022801, 62995.769341,
2.81155470994e+17, -7.08903451996e+14, -2.11574867763e+14, 27163.3490804, -91013.6073082,
113371042.491, 7.95172874162e+14, -2.9181500406e+14, -30581.1851563, -83331.3179848,
63789705390.8, 3.84125223102e+13, 6.29423757221e+14, -102685.864982, 6266.72100363,
1.50337303313e+15, 1.00747459749e+15, -4.9787305673e+14, 34142.0409675, 69088.3720583,
6.61896359365e+11, -2.99049778277e+14, -5.431115728e+13, -26478.7224026, 145797.962336,
1.83748742106e+16, -4.11705172359e+13, -8.2706035242e+13, -240611.410977, 119774.768719,
3.58616221325e+13, -5.105466123e+14, -4.58588952455e+12, -1026.92165596, 114327.083053,
8570014.31302, -3.22674610976e+14, -1.01478702349e+15, -75445.5459196, 23989.6270016,
3.75199319754e+18, -2.29527964141e+14, 1.07857977669e+15, 76092.267605, 16192.871077,
1.76988936826e+12, -1.34238136737e+15, 4.00541193698e+13, -2102.50264803, -70463.6732495,
8.54497175527e+16, -6.44684865499e+14, 1.63934503322e+14, -24685.0263565, -97075.7380172,
1.885801376e+14, -3.13707517363e+14, 4.96735256745e+14, -90116.5020044, -56912.0547281,
4.99319582352e+16, 9.36243514895e+14, 6.49704745142e+14, -43630.0279687, 62872.144687,
542943677.144, 3.57656588268e+13, 9.92991261955e+14, -81902.6780939, 2949.97887085,
2881896075.78, -5.83834567826e+14, 6.31655152107e+14, -64686.6901896, -59789.468486,
1.20163208713e+11, 1.25880037884e+13, 5.79519448074e+13, 327825.265431, -71208.4071878,
23.8012322322, 1.19671405268e+15, 1.26629721866e+14, 7836.3970257, -74057.8618105,
1.09828215247e+18, 2.15806189461e+13, 3.1589843895e+13, 344877.274577, -235603.096696,
3.71954210932e+18, -9.25217884559e+14, -4.9059350882e+14, 37397.7960748, -70529.0819169,
860.32938968, -1.24863787077e+14, 2.49995247884e+14, -138256.058524, -69054.0128251,
8.46093457297e+16, 7.36671802344e+13, -1.29296841184e+14, 184005.674335, 104837.666963,
44.6560432551, 1.04879847614e+15, 6.3429742629e+14, 38187.045916, -63141.5388193,
2.51399434762e+17, 7.23880077769e+14, 2.30677055789e+13, -3057.50352176, 95946.5118685,
1.90825990173, 4.60938993698e+12, -7.35748683378e+14, 95239.1630912, 596.663575317,
268297802.358, 8.4588964496e+14, 5.55898731358e+14, 44595.1942853, -67858.7860217,
2.35392796647e+18, 7.17731979158e+14, -2.23454567128e+13, -3000.01430775, -96359.9103961,
2100136.10939, -3.14583862797e+14, -1.63731129961e+14, 63334.3416501, -121687.072267,
69.6727181772, 4.84260797292e+14, -6.62782697514e+14, -72806.6621436, -53196.0360312,
3896554.66625, -1.90375527541e+14, -9.82771578328e+13, 80961.2802572, -156832.439798,
7.09646495299e+17, 4.83542459646e+14, 8.23416442965e+14, 72090.4873639, -42334.3641906,
6.62285324838e+18, 2.65990296953e+14, 6.30454502967e+14, -90992.7509218, 38390.0641907,
6.50376804101e+14, 5.07263070838e+14, -9.16348480364e+14, 69838.6311015, 38660.5742628,
1629550.67182, 1.04772497685e+15, 4.57221954418e+14, 30561.0612703, -70030.7299388,
1341.43463753, -6.51856063712e+14, -2.49978884026e+14, -35008.8968649, 91290.7575942,
90210.7295066, 5.34392177233e+13, -3.43030838018e+14, -136998.547402, -21342.3820573,
1.86949986874e+14, -6.47178019336e+14, -7.13975993474e+13, 11101.9869988, -100633.102824,
1.34978229679e+17, 1.14962191457e+14, -1.18422353719e+15, 74545.4232996, 7236.72934751,
2.44265867389e+19, -7.19426943805e+14, 9.44501463561e+14, -59643.1240441, -45430.1788885,
61320895.9583, -6.40961579864e+14, 1.08880545394e+15, 62632.7633721, 36870.8613801,
3.56196869192e+13, 3.83238668465e+14, 1.89224316239e+14, -55323.0176192, 112046.485511,
6.43668877537e+18, -3.41128579564e+14, 1.19119322053e+15, -70555.0746953, -20205.2463001,
6.22027792548e+13, 4.14594951839e+14, 1.11548231037e+14, -32393.3056744, 120397.256694,
2.49023537271e+11, 8.44960546036e+14, 1.67998527189e+14, -17163.8945384, 86327.0288373,
886761.158694, -7.79829397936e+14, -7.18192673987e+14, -53749.9777889, 58362.907805,
3082544.38802, -4.00102886588e+14, -9.68248066649e+14, 73765.0482864, -30481.4538394,
70779257318.0, 1.19157813506e+14, -9.44421956917e+14, -83074.1268421, -10481.4709579,
26084.1790426, 1.5674007599e+14, -4.09695322437e+14, 115204.734587, 44074.7010392,
1.18211170977e+17, -1.67369975625e+14, 1.85177715624e+14, 121310.254998, 109644.372454,
1.87069405609, -2.78166942412e+12, 3.97484682681e+14, 129573.726992, 906.780286758,
54971.0667344, -2.04533622938e+14, 1.81105881508e+14, -103615.799726, -117019.473554,
9368.92302435, -4.70919229779e+14, 4.51993962004e+13, -11347.995789, -118231.434172,
1.03113047382e+11, -2.83313369281e+13, 9.18752858055e+14, 85169.5136893, 2626.34958594,
2.02154546459, 3.47174167246e+13, 4.8698156701e+13, -272009.308958, 193918.233703,
5.81766642842e+17, -2.86508021627e+14, 2.75348284011e+14, 89801.0901095, 93440.686437,
1023.41087337, 3.6387738153e+14, 2.30380208993e+14, -66590.5054167, 105177.345101,
5.31978534939e+19, 2.60715393206e+14, -1.34178861841e+14, -69038.6749253, -134145.162902,
3.19589482687e+19, -7.56199804133e+14, -7.41246162304e+14, 55573.6389606, -56694.7621913,
7.43860198803e+12, 4.63914902199e+13, 6.66749856469e+12, -53683.2693431, 373520.420071,
1197.83598826, -5.67747588723e+14, 1.11250782466e+15, -65110.4104508, -33227.8818314,
2.19395646381e+16, 4.8467282003e+14, -1.1682923766e+15, -67095.3399022, -27834.888126,
1563787.30353, 1.27057667715e+15, -3.63850042025e+14, -19563.2995055, -68315.7048474,
412.201229491, -1.52443048964e+14, -7.74402008772e+14, 90224.875499, -17761.0013374,
4.74927682439e+18, -6.78031357499e+14, -7.84282040537e+13, -11362.1773967, 98228.8534771,
1390.75367634, -6.77214602126e+14, -2.12256303197e+14, 29002.9791871, -92535.4899469,
1828697.57769, 4.72109166168e+14, 3.52386137932e+13, 8837.68731509, -118402.875143,
4.60884863137e+16, 2.75810766791e+14, 6.00881105629e+14, -91311.1739528, 41912.792179,
1417545.15459, 6.54306978266e+14, 1.07455955799e+15, 62209.2423789, -37879.6513404,
123926.77571, -8.89827203702e+14, 9.07889200029e+14, 51746.8356211, 50717.3585055,
2867.02763387, -5.74244804225e+14, 6.93792340786e+14, -66315.4667257, -54888.6316097,
1.30428073186e+12, 3.13002822297e+13, -3.59176724114e+14, 135542.276362, 11811.7662403,
6.29960684136e+16, 3.25706631445e+14, 2.47054901282e+14, 77217.0906995, -101799.714845,
3.22571046583e+12, 4.32531229981e+14, 8.85688193587e+14, 73940.5801598, -36109.333187,
1.38866719731e+13, -4.09497379833e+14, 1.44192725515e+14, -41180.1674905, -116948.831005,
41.8056485114, -5.99946820017e+13, -2.06107411018e+14, -169299.234635, 49280.3907191,
2.63350922651e+13, 3.71586276742e+14, -1.15022480816e+15, 70707.8010867, 22842.5333517,
4.19557908061e+18, 5.7809174744e+14, 3.15917452805e+13, -5858.68664064, 107207.06842,
79649.283593, -1.38148112313e+13, -1.14826910086e+13, 389615.604161, -468746.047442,
65.7886086962, -1.12610033613e+15, -2.47256013079e+14, -16316.9139726, 74313.5913268,
173095472.838, -5.32432665436e+14, 1.27328733141e+14, 25680.7415431, 107385.547102,
1.48771144543e+12, 8.43547497297e+14, -9.91869267089e+14, -54537.8251601, -46382.3685725,
13.1010986284, -6.40304205128e+14, -1.037048629e+14, -16217.3033268, 100130.381793,
13.770050672, 3.60407361742e+14, -5.14055396549e+14, -84422.8164334, -59189.3495251,
2.02886254914e+17, 7.45682187399e+12, -6.7024631145e+14, -99778.1783386, -1110.08160742,
1.53096498268e+12, 3.04534117841e+13, 4.12736470746e+14, 126645.052987, -9344.39823568,
27604.1341704, -2.74047487075e+14, -2.99310868267e+14, -94583.8748561, 86600.5079341,
1.09374804446e+18, 5.09418689227e+14, 6.71088864435e+14, -70890.8343919, 53812.7181779,
6.39529076589e+16, 1.27238468878e+14, 6.15353340137e+13, -94609.0306732, 195625.950486,
108696279.476, 3.27973298509e+14, -1.41039878202e+14, 54014.1853925, 125604.267214,
187392.05379, -4.42142069432e+14, 7.97267157328e+14, 74825.1162262, 41495.9169328,
0.107814100168, 7.42186148798e+14, -2.35942545664e+14, -28046.0262674, -88222.2075119,
3.22249373838, 9.28212087637e+14, 3.96809193213e+14, -31961.9252944, 74765.0153018,
1246376.95784, -2.23219655149e+14, 1.84568910308e+12, -1429.65330289, -172903.831268,
4.97523748379e+15, -9.16346569274e+14, -5.63428793785e+14, 41256.4497675, -67098.4632343,
1.66575335902e+11, 5.04498371683e+14, -1.04782604798e+15, 68255.7814258, 32863.2129863,
1081.29193734, 1.20622055877e+15, 2.46662855103e+14, -14750.7176601, 72133.3534017,
4.9202030684e+11, 1.19936067672e+14, -2.13351569144e+14, -143945.969569, -80919.5527203,
1.88491542198e+11, -5.88762567967e+13, 1.29101820915e+13, 71271.9551991, 325032.281263,
1.20736593621e+12, 1.22656169403e+15, 3.36961132348e+14, 19188.4435165, -69847.2539591,
1.17353500994e+11, -1.65259496293e+14, 8.99847912981e+14, -84004.7291063, -15427.6950783,
664563507.491, -7.11380229254e+14, -5.52457095863e+14, -52797.9821159, 67986.1674382,
2.7202638072e+14, 2.04235954275e+14, 8.94759468869e+13, 69424.4419131, -158466.801833,
6.08995043121, -2.26372426174e+14, -6.65503689917e+13, 47435.9500186, -161354.343428,
2793528259.42, 2.8418834433e+14, -6.43138337182e+14, 89113.8657271, 39377.4099501,
3.66996386082e+11, 1.16256219819e+15, -6.35737924593e+14, 34051.0862678, 62268.5924038,
1.03357695453e+19, -3.69542317287e+14, -3.38680272772e+14, -77961.9871245, 85066.2282349,
2.40163576915e+11, 1.24557503377e+14, 7.64299970747e+14, 91626.9511988, -14932.3887481,
9.14809330061e+17, 1.38582647036e+14, 9.79703869955e+14, -81319.1156892, 11502.8823019,
7.51491984087e+11, -1.08842913824e+14, 8.3827919907e+14, 88115.703713, 11441.0210302,
8684.60092485, -8.92014614208e+13, -5.82574083748e+14, 105188.748339, -16106.08906,
3275864478.54, -5.66201100586e+14, -2.29691616909e+14, 39287.8419622, -96846.4572545,
1985758988.61, -1.14272859245e+15, 2.32362888592e+14, 15074.6946731, 74135.266306,
3.507998351e+13, -2.22958385449e+14, 4.49319046225e+13, -33841.1697877, -167924.610384,
1.41412443517e+17, 9.50155785811e+13, 3.27358803417e+14, 134380.318586, -39003.7585277,
4.2242039219e+13, -1.70750541433e+14, -1.12138781552e+14, 99221.5442411, -151081.830625,
37416941.8453, 8.29142532185e+13, -3.01976471332e+14, 140777.139173, 38653.4464534,
1.81816192809, -4.90410479853e+14, -9.20029452237e+13, 21324.9743333, -113670.175125,
78.8097252366, 1.09456349679e+15, -2.81160975202e+14, 19119.3962126, 74432.0692439,
247.699304869, 2.4846665787e+13, 1.93509658197e+13, -282860.426249, 363193.162598,
2.25282367868, 6.79176303799e+14, 1.14960149693e+15, -60869.7825472, 35961.4301424,
7227540.35013, 1.8201291205e+14, 1.92421854002e+14, 115319.865602, -109081.708335,
2.22557958643e+13, 9.32309735452e+14, -1.16481882899e+14, -10448.7900776, -83631.1061483,
1.37571507647e+16, 5.84723908267e+14, 1.15872115626e+15, -64019.4099262, 32306.0292589,
56479125160.8, -5.0483235216e+14, -3.83222315694e+14, -62044.7897862, 81733.8027675,
18.9192408389, 7.11550142627e+14, 1.09335752566e+14, 14623.3152903, -95167.6083652,
9.06884912959e+17, -1.11008181768e+14, -8.04184572938e+13, 129450.792157, -178691.528654,
81874.5557909, -8.02132037345e+14, 4.80910254072e+14, 43437.6517803, 72451.6306836,
1204660.00433, 7.61857760722e+13, 3.90650274706e+13, 127390.708495, -248441.140823,
4.42600417758e+12, -2.12255439697e+14, 1.23196714367e+14, 82781.5682079, 142624.24326,
13484049.1318, -4.99229346721e+14, -7.11830111786e+14, -71731.0830305, 50307.3150855,
5.90156919988e+12, 1.21730933461e+15, 2.71654566349e+14, 15932.3066761, -71394.1455114,
4.23274415436e+13, 3.09257378512e+14, -4.94600159566e+12, -2349.00502307, -146875.637117,
9.85065082888e+18, -9.90674226283e+14, -3.11608570958e+14, -24053.413407, 76471.2493089,
169.913888038, 5.5639759084e+14, 1.20700909102e+15, -64354.3300361, 29665.5546828,
622.91860986, -3.99867395904e+14, -6.39446615107e+13, -20272.091759, 126768.182827,
5218575.73776, 1.28647413226e+14, -7.46533361709e+14, -92498.9063359, -15940.004341,
1.18080647595e+17, 9.95525192866e+14, -1.09940218654e+14, 8960.30786415, 81136.9335426,
1.52540352126, 5.03107003349e+14, -1.05666240949e+15, -68182.3015475, -32463.5314978,
0.489180228316, 2.09413608406e+14, -6.73380798855e+14, 92895.0905946, 28889.294375,
174.187522742, 4.20920780256e+14, -5.08443507844e+14, -77455.6821909, -64122.573462,
1.46182956778e+13, 6.22507551381e+14, 2.85761579927e+14, 41180.8742236, -89709.0685991,
15678.5405138, -5.54798358523e+13, -4.19761962032e+14, 124465.996598, -16450.6403272,
0.0510419758622, 5.01085178352e+14, -2.51965571706e+14, -49005.3184741, -97457.1191672,
12418764153.3, -3.00362761749e+13, 3.61102827078e+13, 289801.483824, 241054.811851,
2.93267648169e+17, -4.15248733846e+13, -4.14063512603e+13, -238207.141002, 238888.988485,
30.6342638805, -1.73886763139e+14, -1.48242309948e+14, 110875.375069, -130055.718164,
69921533998.7, -2.63337912633e+14, -9.46288120238e+14, 79411.9382158, -22099.1615563,
6.3571233892e+15, 2.76627809965e+14, -7.78361647177e+14, -84695.3723628, -30100.5264788,
5.58490464405e+19, 2.43823291131e+14, 6.85086272007e+14, -90255.5869248, 32122.1065815,
1184016.5756, -9.43111337558e+14, -4.16631813466e+14, -32511.1999928, 73594.1911294,
18262185.3394, -5.55606438494e+14, -1.06666740862e+15, 66067.5619262, -34413.3161706,
5949046041.93, 1.51646683034e+13, 4.35224850166e+13, -359347.17869, 125208.401325,
1.56125239171e+19, -1.77184508698e+14, -4.30844231714e+14, 110697.269997, -45524.205629,
1.6241704571e+12, -8.86075573043e+13, 3.67648611203e+14, 129147.420812, 31126.0185448,
5.59123800978e+15, -1.05017418473e+14, -1.65992427691e+12, -3983.89610423, 252046.728968,
1.09615574445e+18, -3.73649157837e+14, 3.74110771859e+14, -79491.8132576, -79393.7285768,
6.18988082247e+12, 6.01788383448e+14, 7.27825833195e+14, 64787.4456257, -53568.217,
9.09586303416e+14, 1.31969474537e+14, -2.42885532682e+14, 136532.165761, 74183.4146066,
185499785.123, 5.40928916582e+14, -8.48254072156e+14, 68673.4576367, 43792.8449231,
1.39537300985e+18, 2.72508479104e+14, -2.19855217567e+14, -86690.0985136, -107451.563628,
9358101007.84, -2.50323052813e+14, -2.33987192539e+14, 95301.9595072, -101955.483905,
18834642023.5, -2.67298473581e+14, -1.12142665575e+15, 74013.1542314, -17641.4596974,
1.75729732826e+18, 2.71951361588e+13, -1.34700825555e+14, -216020.416679, -43612.9817352,
42.7339166195, -2.45481291746e+14, -2.51971822528e+14, 98658.3615569, -96117.0252832,
1.96351670993, 9.22357091906e+14, -7.12861420004e+14, -46270.5040632, -59868.4770576,
2.47134814399, 1.94166573165e+14, 1.1406913654e+14, 87201.8030333, -148433.448191,
649779.687187, -7.60593168114e+14, -7.14279655748e+14, 54749.6055104, -58299.5407654,
3032511.4271, -1.37481713337e+14, 2.86625258714e+14, 130643.668406, 62664.1052141,
5369692437.44, 1.33379506044e+13, -9.36127527969e+14, -84422.7464363, -1202.85579497,
0.195890541747, 7.7947599575e+14, -2.71020759232e+14, 29533.7467554, 84941.2669556,
4.04136463014e+11, -1.86271709404e+14, 3.23808597924e+14, 115860.677159, 66649.1455924,
2.17912997226e+15, -9.72423122643e+14, 6.60808949123e+14, -42347.0469713, -62316.4194509,
28597962.4264, -4.30189556915e+14, -7.60269823938e+14, 76073.986994, -43045.5526805,
845248.499922, -6.72174260083e+14, -3.9167209163e+14, -46631.3450303, 80027.1209317,
2.57962250975e+14, -7.04245343758e+14, -2.99278740807e+14, -36526.4539564, 85951.9291394,
4.24595194517e+12, 1.18788187603e+15, -1.66246697337e+14, 10338.752692, 73873.4491591,
9.62374523439e+18, 1.63113628751e+14, -1.87173627543e+14, 123606.316872, 107717.498165,
494248.815176, 5.37160756713e+13, -4.7964158232e+14, -116862.407046, -13087.6682326,
23754422.0733, 8.27298338978e+14, 1.02742490021e+13, 1115.3206075, -89807.3314972,
6.10672452205, -1.10061295583e+14, -5.56837399942e+13, 105011.134186, -207559.001611,
2.41414113949e+16, -1.11510073219e+15, -3.46389659197e+14, 22427.5630386, -72199.0143225,
1999035.81778, -8.19370052659e+14, -2.04155589063e+14, 21493.9311915, -86265.0080416,
7113068317.08, -4.37932721618e+14, 7.40670789208e+14, 75810.2734493, 44823.9620922,
2.63333385004e+14, 1.99249350411e+14, -8.87450629017e+12, -8139.47533367, -182746.523569,
2.93895077177e+17, -5.43788501924e+14, -6.2422782674e+14, -67700.8559307, 58976.7797085,
65751129.1588, 1.09308616664e+14, -3.12057265671e+13, -66515.9481172, -232994.615881,
17140.9889377, -2.65972160144e+14, 6.94956193939e+13, 39389.9003749, 150752.191029,
3.15578998317e+12, -3.37266552618e+14, 1.13767023879e+15, -71903.1177424, -21315.9453563,
6.75336055944e+17, -4.84869290243e+14, -3.70839519129e+14, 63522.7562816, -83055.4246886,
69803.3121912, 6.52508026142e+12, -9.23534621033e+14, 85006.1313093, 600.596682435,
1.18374744659, 8.59688412881e+14, 9.52078929095e+14, 53535.1454437, -48340.051243,
11.6290294925, 7.68457177003e+14, -7.35943136861e+13, 8864.0880482, 92557.0432966,
1.94250394867e+11, -1.01108409691e+15, 7.26127986477e+14, -42712.1537023, -59473.7844534,
882.647912982, 1.16761236839e+14, -9.90421348868e+14, -81243.262025, -9577.80622327,
100321.55735, 3.63338599221e+14, 2.05092117125e+14, 62170.5469169, -110140.554139,
146.202909297, -6.6479479061e+13, -7.02797264319e+13, -190813.629811, 180495.732576,
88301902.5032, 1.48925025283e+14, -1.88541761477e+14, -130788.134223, -103306.694725,
13979991.427, 7.01216297519e+13, 7.32651358555e+14, 94792.5718555, -9072.54118793,
7.06965213969, 4.67905632959e+13, -2.99650627861e+14, 146567.861267, 22886.6291345,
1713589.74085, -3.04922651449e+14, 1.60343177435e+14, -64779.7313068, -123190.819505,
34.2737846339, -2.11667645982e+14, 7.19467567343e+14, -90500.096378, -26625.1645397,
2.21485426872e+13, -4.51949458756e+14, 4.11612057135e+14, -70356.4403882, -77251.2724111,
16993483.1429, -5.58529090619e+14, 3.53666376541e+14, 53752.661171, 84889.1128859,
259.696865488, -2.34835792445e+14, -6.94561726194e+14, -90381.888757, 30558.6986274,
4773.25789914, -6.14422502573e+13, 8.1283762823e+14, -90226.7651993, -6820.22496837,
4.54085576453e+11, 3.8353121577e+13, -1.76707988116e+12, 19189.2277529, 416487.558272,
1.93461125273e+13, -1.09743589197e+15, -8.40532812178e+13, -5946.67080641, 77642.2988625,
666333.997919, -1.22246384178e+15, 3.95273965899e+13, 2387.24457591, 73830.3158646,
7.81391282698e+11, -4.32331587657e+14, 2.43653662237e+13, -6985.66360109, -123951.473077,
2.94482976442, 7.53859542381e+14, -9.09321832578e+14, 57868.240575, 47974.7915373,
9.74953435587e+11, 7.36405363465e+13, 1.15121817428e+15, 75907.41543, -4855.60679097,
6.65656038134e+19, 4.98562198601e+14, 9.42816877459e+14, 69930.410669, -36979.2481719,
2.77912536605e+14, -5.34446955554e+14, 5.55293102891e+13, -11517.5751279, -110851.961431,
1.90613532837e+15, 7.31592912459e+13, 1.16897477752e+15, -75338.5482516, 4714.99890296,
1.90560628061e+13, -7.23420929198e+14, -1.00925717368e+15, -59586.0761365, 42710.4366361,
70936.475822, -7.57720613523e+14, 1.0063994979e+14, 12302.7987471, 92628.0690143,
8516.70702613, 6.26704327503e+14, -8.06644062567e+12, -1328.08858888, -103182.916057,
2.19132401457e+15, 4.16134171136e+12, -4.40671697911e+14, 123057.043652, 1162.049687,
1.74236133961, -3.10950194653e+14, -4.59071468949e+14, -90835.7252057, 61527.2094754,
35990.9594615, 1.7897308579e+13, 6.04955484055e+14, 104965.464488, -3105.35131526,
6.47589990001e+12, -1.31342898302e+14, 3.54644393339e+14, 124574.861922, 46136.4220829,
1502562580.12, -1.90991740386e+14, 1.02539851979e+14, 82997.6881886, 154592.313225,
443.619015341, 9.8418263156e+13, -3.1778788277e+13, -78057.2040374, -241741.578729,
12014.1247768, -4.06839899858e+14, -8.51160831466e+14, -75886.5165953, 36272.4195838,
2.9001495898e+17, -7.69774284834e+14, -8.59369542329e+14, -56652.9806352, 50746.5130006,
9.65960258936e+12, 6.82135082395e+14, 3.56831174794e+14, 43158.3122013, -82503.438402,
79244346.039, -3.81306924174e+14, -9.01640038943e+14, -76047.2075735, 32160.6467764,
1064150.46353, -6.03611307223e+14, 6.11549059724e+14, -62723.8355858, -61909.6960251,
1.29246873104e+13, -1.95994042439e+14, -7.44788421122e+13, -63376.3325957, 166777.345997,
1.63194351826e+14, -2.14759556731e+14, 7.70653485313e+14, 87983.8136757, 24518.6263146,
162472472.743, 7.29364716801e+13, -1.07563248476e+15, -78499.5088345, -5322.89353857,
1.01930920126e+18, 9.08930795417e+14, -5.33844571957e+14, -40297.6588844, -68611.3244702,
2.08007367955e+15, 2.81467876616e+13, 1.36011562605e+14, -214657.637048, 44422.1271647,
20753070304.9, -8.58800586856e+14, -6.34933556419e+13, 6490.93606341, -87795.3235288,
2.55624906678e+18, 5.23360698879e+14, -1.3331194321e+14, -27439.9838783, -107724.850407,
1.94769281764e+12, 4.59853903215e+14, 7.16433092519e+14, 74512.8494822, -47827.2500696,
6.24002240194e+12, 4.03751852091e+14, -1.80791526588e+14, 50196.8154905, 112101.809227,
2.47379533628e+13, 3.32122112605e+14, -2.11604577561e+14, 69951.6503965, 109792.000616,
22674.5124365, 5.72680317477e+13, -1.87611808527e+14, -176419.035207, -53851.4658988,
1.37972081554e+15, 8.60981486822e+13, -8.00884115005e+14, -90503.5186748, -9729.47928562,
87756.9490088, -8.57713487938e+14, -9.80560308262e+14, 53873.2554104, -47123.8917334,
9.69260179836e+13, 9.43550042756e+14, 6.05205986451e+14, -41658.9809458, 64948.6854601,
1.13199881638e+18, 3.3439709907e+14, 9.98816717027e+14, 75482.4984267, -25271.0312855,
9.22399425045e+16, -2.94077730873e+14, 9.48127845485e+14, -78314.3392964, -24290.5039703,
342384358.617, -4.46160071945e+13, -7.4689912251e+14, 94276.1710795, -5631.58557881,
0.315897972995, -1.21648483074e+14, 1.32862159372e+14, 141963.3657, 129981.54005,
9.98587168511e+16, 1.32748622919e+15, 6.08459336997e+12, -324.992082824, 70904.0832005,
16781852.706, 5.15883166374e+14, 3.75508960313e+14, -60187.1307256, 82686.5157835,
102.860832987, 2.75160916965e+14, 4.35994105288e+14, -96217.0653322, 60723.7015443,
4.53541586689e+18, -4.49984339997e+14, 5.91117915202e+14, 75416.8192381, 57410.5212458,
3.94651832702, 1.04076405198e+15, -5.62274881552e+14, -35702.5045429, -66084.9070676,
19760078953.6, 1.12667714524e+15, 6.27972016904e+13, 4279.80378405, -76786.1780432,
8.81799133159e+17, -2.76602899959e+14, -1.28924852692e+15, 69561.1415718, -14924.0531065,
1.22013937698e+16, -2.59304926279e+14, -8.7690619451e+14, 81924.2069675, -24225.3397013,
2.01420974995e+13, 9.06073392517e+14, -8.34944710002e+14, -49874.1120857, -54122.8723231,
1759195.11657, 2.48894079232e+14, 5.18350909031e+14, 97119.0517326, -46633.1910213,
344944654.379, 2.9260159672e+13, -1.6296210293e+14, -197612.597429, -35481.7227441,
3.95180105749e+19, -9.13504072209e+14, 1.8333013141e+14, -16653.2795994, -82980.5696023,
4440889.89327, 6.98338921955e+14, 6.40582299573e+14, 56728.6521361, -61843.4599318,
1202881.69674, 9.57503051166e+13, -5.63864971844e+14, -106499.123165, -18084.6905676,
131.757368639, 3.63417912283e+14, -2.00588956213e+14, -61273.1316526, -111011.862291,
6.67987568801e+18, 1.20677124839e+15, 3.18986981789e+14, 18686.5924395, -70693.9272565,
6.09857458265e+12, -1.83094331411e+14, -4.59427371403e+14, 107912.452803, -43006.0541157,
4732270978.81, 5.61459881566e+14, -3.48295613629e+14, 52980.7162807, 85406.0330484,
0.00534988799869, -2.72052501559e+13, 1.22495157499e+15, 73785.8387715, 1638.72780176,
3.50633339593e+14, 7.17352673766e+13, 2.66932277172e+14, -150064.973482, 40328.3975645,
6702547806.33, 7.51638593612e+13, 2.91233280537e+14, -144234.288347, 37225.1610269,
0.383504013798, -1.13202136415e+15, 5.79698496919e+13, 3924.2827907, 76632.4560381,
2.04873984159e+11, -2.45471866049e+14, -2.03063439987e+14, -92257.8983392, 111525.336439,
1.48830941902, -3.85362498916e+14, -6.46151381502e+14, 80892.0657267, -48243.7544565,
0.329899519929, -3.18967675505e+14, 5.95575470163e+14, -87616.2426193, -46923.9427156,
1.46798147204, 2.21212925802e+13, 3.18584853682e+14, -144216.147775, 10013.8081357,
7.92182257203e+18, -2.87043688821e+14, 6.70347292807e+12, -3559.53577446, -152419.841201,
11309.2510574, -1.17611930593e+15, -3.34489919822e+14, 20209.9254863, -71061.2850412,
582552254.125, -4.4523082858e+14, -9.29048673039e+14, 72582.837112, -34784.0943601,
404061793.273, -1.25231551604e+14, -1.32624580406e+14, 139077.149717, -131324.428687,
1.78159522734e+16, 7.81810138986e+14, 1.01127279167e+13, 1194.96444382, -92382.1273148,
11007137056.8, 3.64972717298e+13, 4.01849567821e+14, -128081.246199, 11632.7512092,
4.17293388992e+15, 2.83679905864e+12, -8.46473966168e+13, -280556.720821, -9402.3333656,
1052798.3733, 6.36195280299e+14, 7.55459502884e+14, 62877.6097076, -52951.1355403,
3.30321799422e+13, 2.18374721807e+14, -2.28738900621e+14, 105076.066024, 100315.06064,
785587.707751, 6.11783297634e+14, -5.61051981754e+14, -60604.4209698, -66084.3802675,
3.46874151229, -9.96458352116e+14, 1.69180366211e+14, 13601.8488413, 80113.7637046,
6.11004479822e+18, 1.24556380208e+15, 3.22095974635e+14, 18032.0648061, -69731.0397147,
19963339.3793, -1.71078562049e+14, -2.57016089379e+14, 122390.527882, -81467.255879,
216.686390725, -9.29597726732e+14, 5.37991273408e+14, -39484.8685192, -68226.0955337,
1.26263629473e+17, 1.0492908377e+15, 1.62308540943e+14, 12119.615995, -78350.7876175,
853629669.162, 1.6229578601e+14, -1.3101125804e+15, 70563.1927006, 8741.31658157,
1.54115786877e+17, 1.18604927166e+15, -2.05879264961e+14, 12734.5069479, 73362.1848389,
0.829947012562, 1.32178240122e+12, -6.57852876842e+14, 100722.708819, 202.375802565,
1.72096101333e+14, -2.84975801235e+14, 4.90150639346e+14, 93794.7711197, 54532.7046541,
2.82495472709e+16, 1.23169973881e+14, 3.20902742724e+14, -130089.682762, 49931.4611399,
7.86921532253e+15, -3.87758337932e+14, -4.81101040929e+13, -16092.0639113, 129698.990967,
2.98431731775e+18, -4.71274743434e+14, -3.32798051638e+14, 62041.6191074, -87857.0291597,
127.599598727, -1.19687844314e+15, 7.09886005066e+13, 4417.36028364, 74477.3563836,
7025450.13985, -3.96212745641e+14, 7.55878464915e+14, 78324.185296, 41055.5955047,
1.41709741195e+16, 1.51696448567e+14, 9.80425029353e+13, 104340.553955, -161441.119949,
2.11295651411e+14, 1.26899589554e+15, -3.57787488668e+14, -19306.9200428, -68477.5266488,
70270015.9826, -2.05394262701e+14, 4.6404676636e+13, -39233.4624079, -173653.361442,
853903.838135, -1.06824712057e+15, 5.62722966949e+14, -34650.7198189, -65779.3156599,
4839518.56908, -1.21028907454e+15, 2.50155810085e+14, -14874.5517933, -71965.1784937,
2.91983440817e+16, -2.52042630413e+14, -2.79222742357e+14, -98877.5449408, 89252.6027973,
8.26308351593e+13, -4.2894762721e+14, -3.03695341146e+14, 65115.101475, -91970.3547899,
5592415750.83, -3.59787882268e+14, -3.22780510882e+14, 78468.9002546, -87465.5020819,
30082836112.0, 1.7903706553e+14, -5.42245529638e+14, 102657.688083, 33895.2194604,
3.6708684715e+19, 2.38712341048e+14, -1.14473966422e+15, 73956.3003555, 15422.0930268,
4581899.87504, -3.36259054301e+14, -8.5500361972e+14, 79316.7867114, -31194.0055862,
35974385797.5, 1.82210464821e+14, -7.71588523001e+14, 89294.4044577, 21086.8545308,
1.08050853057e+17, 6.22087660949e+14, -1.14054518054e+15, -62922.7709847, -34319.9726676,
221536952.812, -6.49179702905e+14, 7.4688423501e+14, 61982.5501869, 53874.2306097,
0.905245806733, -1.13382283863e+12, 5.65909596541e+13, 343311.892622, 6878.39306858,
113034.435075, -6.37308542821e+13, -8.31861591459e+14, -89178.7440408, 6832.19131629,
76406624184.7, -6.1734387881e+14, -1.1104381277e+14, -18261.0233362, 101521.468835,
0.919731683898, 3.61700403537e+14, -3.23883523215e+14, -78212.1035072, -87344.2067052,
27145154151.4, 4.40400345789e+14, 2.80908031859e+13, -7828.22461384, 122728.880482,
18610082332.8, 1.10906251341e+15, -1.48805629814e+14, -10269.9155457, -76542.657437,
6.26087863321e+16, -1.31878239556e+15, -2.36601775528e+14, -12463.280935, 69468.4367917,
731.383344184, 3.95459938e+14, -8.41764731691e+14, -76672.2405678, -36020.515424,
8.50182099133e+15, 6.60119918828e+14, -2.58207904947e+14, -35347.2965086, -90366.9254699,
42828184202.7, 1.25523750786e+13, -2.80632072855e+13, -425324.216306, -190243.012453,
0.980412739227, 1.04253069007e+14, 1.52970046273e+14, 156901.762472, -106932.635957,
132504.739133, 1.47680840439e+13, -4.58122701901e+12, 194653.448193, 627486.581746,
346152210.138, -3.55060283383e+14, -5.08355768915e+13, -19332.9575466, 135030.736443,
1.0028699897e+18, -1.26729728507e+15, 3.65930609597e+14, 19732.8452297, 68339.1346075,
2.18353180746e+18, 2.63662884365e+14, 2.44534499036e+13, 14661.2156657, -158080.697241,
2.88218000928e+18, 2.49354404741e+14, -4.3142278827e+14, 100198.077953, 57912.6387464,
313280.824033, -6.2703558455e+13, 9.0757859991e+14, 85447.6106873, 5903.47684719,
4227924197.31, 4.7608738508e+13, 6.3131137513e+13, 231961.327468, -174927.723758,
3870460.15193, -2.05022649379e+14, 4.80674506558e+14, 103949.89727, 44337.8690781,
3.34510525155e+19, -7.45314109827e+14, 9.23149182128e+12, -1171.94170501, -94617.9345169,
109900.136075, -6.81192118896e+14, -5.56824641713e+14, -55121.8371637, 67433.3681417,
2.83054467123e+13, 6.44480330541e+14, 8.21317634057e+14, -62901.2119884, 49357.9977011,
8.7861706829e+16, 1.30940426605e+15, 7.24268101528e+13, -3939.91460422, 71229.7142418,
412122241.136, 1.07766325694e+15, 7.24840875525e+14, -40008.0400926, 59482.289487,
60871.1236854, -1.11783178175e+14, -7.35242937503e+14, -93655.7352004, 14239.0157063,
2257744.59336, -3.01366701874e+14, 9.66198608744e+13, -44335.0902073, -138285.439372,
1.91106075182e+13, 1.09498388657e+12, -2.08730770838e+14, -178809.627763, -938.020112602,
249.202856127, 4.92751893192e+14, -7.97121304521e+13, -18465.4884362, -114147.04806,
2.59824059873e+12, -1.24777726444e+15, -3.38767940143e+14, -18824.5388042, 69336.0520581,
1773.26900066, 8.56603909714e+14, 3.17769706962e+14, 29726.1807923, -80132.1275428,
3615470282.76, 2.84376804484e+14, 4.2301476282e+14, -94963.0492645, 63840.0615473,
8.45120874071e+17, 5.85590193127e+14, -4.5587331412e+14, 58254.497883, 74830.5759718,
2.85562012812e+17, 7.87297212444e+14, -3.30318538054e+14, 34206.1328536, 81528.5548392,
6.64882567806e+17, -2.71804168154e+14, -7.91411914768e+14, 84464.516979, -29008.6708926,
528533.202116, 8.00074664484e+13, -1.17871094299e+14, -179086.150938, -121558.464335,
24673.5039413, 1.89400321004e+14, -1.82953886139e+13, -18006.8815881, -186413.594433,
0.545585992873, 1.06759090808e+15, 6.72771479333e+14, -38772.8132023, 61526.8395393,
3.07580931065, 2.54326349844e+13, 1.50808958405e+14, 205989.619402, -34738.3793125,
11906498179.0, 1.0203724198e+15, -1.77194268487e+14, -13734.9561544, -79092.6849202,
1.83774072029e+17, 1.10776881417e+15, 2.37256624376e+14, 16074.1918786, -75051.5966541,
23648.0604599, -3.70125605217e+14, 9.21712691879e+14, -76067.6940631, -30545.962479,
9.21223491644e+13, -8.87603909857e+14, 6.30607709187e+14, -45344.4714815, -63824.037656,
1.50873292903e+11, -2.84794675362e+14, 2.90267820556e+14, -91445.5169378, -89721.2658975,
5226159793.77, 6.2932804568e+14, 8.64482189827e+14, 63871.2305538, -46497.1484348,
48.5907225231, 6.86897955045e+14, -1.06469616981e+15, -60985.9765592, -39345.6309628,
1.84165044873e+11, -8.37418076808e+14, 3.3339761301e+14, 31828.7020171, 79946.3745102,
1429207.71675, -5.0662985813e+14, 2.397080169e+14, 46670.2056628, 98638.8356118,
7.46786576614e+14, 2.36083508846e+14, -9.27909919063e+14, -80911.4404991, -20585.8956634,
2.39857592316e+18, -6.66593497648e+14, 5.83517430335e+14, -57169.0930544, -65308.3245082,
54.6547909719, -1.24059160942e+14, -3.20651841741e+14, 129939.418524, -50273.1409488,
3.06618413144e+18, 5.23138414658e+14, -6.14439387928e+13, 13130.60056, 111794.941786,
58971132653.0, 3.89210783708e+14, 6.88354076782e+13, -22630.5722233, 127958.314593,
2.71788324217e+11, -1.89328603114e+13, 3.0713778767e+13, 366117.765617, 225685.564988,
152853.816367, -8.18704776205e+14, 4.78425526728e+14, 42327.8913241, 72433.5238353,
2444816321.07, 3.29411289389e+14, 6.6368530947e+14, -85012.3434224, 42194.7348558,
0.728465937372, -2.32888586362e+14, -2.49189978459e+14, -102199.132302, 95513.517825,
1.27495450526e+18, 2.52072434016e+14, -4.27230025182e+14, 99900.1527565, 58942.6612823,
2.41228623827, 2.55208798234e+14, 4.91588652016e+14, 97423.3500675, -50577.4410956,
901246.082713, 1.35598487907e+14, 5.09903708776e+14, -108690.733708, 28904.0830389,
2106159.23792, -3.24834857349e+12, -5.22729874891e+14, 112990.482327, -702.145581712,
4.38391701297e+16, 7.59656981466e+14, 3.15736096808e+14, -34569.0519626, 83172.6936879,
91300.4242371, 1.13553236664e+15, 2.16438220238e+14, 14226.6987228, -74639.6678568,
4894.91905999, -5.10536894389e+14, 4.58503985722e+14, -65895.8104949, -73373.9367397,
1.96775839475, 4.20919083549e+14, -9.197158959e+14, 73862.513792, 33804.0711838,
7.47396477149e+16, 4.99345217079e+13, -2.05533142476e+14, 172612.572157, 41936.429948,
6218.96607946, -1.0068554247e+15, -1.84279704878e+14, 14537.4308181, -79428.6657343,
218.556159786, 5.57331769892e+14, -1.18648661739e+14, -22534.5055916, -105851.980974,
20053990749.2, 2.83334819445e+14, 1.02958203072e+15, 76222.7536193, -20976.0460943,
1.80534849488e+12, -9.48195236984e+14, 2.1022308285e+14, -17943.0882132, -80930.9356037,
21.7930335262, -2.67079715352e+14, 7.78861461651e+14, -85163.1711005, -29203.3392534,
681171627.583, 4.11549655582e+14, 9.08809397221e+14, 74507.1424042, -33740.1757603,
1.42051601201e+14, 3.25165779799e+14, 4.10747587348e+14, -88496.2789821, 70057.5303444,
29.4144600296, 7.62825546568e+14, 5.07565813292e+14, -47278.0876709, 71054.6930541,
4.01233559087e+11, 5.39161346558e+14, -5.93861396868e+14, -67535.8634965, -61315.194582,
2.34654833983e+15, 3.05144924802e+14, 2.92552219765e+14, -86956.6242812, 90699.6111624,
2401400.21192, -5.29957715018e+13, -2.15902654013e+14, 168270.311286, -41303.8691359,
1.59885772553e+13, 6.29747699117e+13, 2.15328382986e+14, 165542.828371, -48414.5256776,
8.0447867594e+11, 3.87795578306e+14, 1.59943230307e+14, -48093.3560029, 116606.315678,
11649.053249, -3.76139519022e+14, 1.1797633286e+15, 69945.998313, 22300.6204085,
99979223.9692, -1.2401890192e+15, -1.30489789299e+14, -7655.11371549, 72755.0256745,
74518.8229642, -8.86219357948e+14, -9.16938040369e+14, -52018.833826, 50276.1315213,
19688134.7027, -3.60266930628e+13, 5.07100685519e+13, -267024.889736, -189706.384104,
1592.03203447, 9.69571037957e+14, -1.16324406996e+14, -9847.80597533, -82082.0643552,
3.12172589099e+15, -4.33245320974e+13, -5.13531589933e+13, 240894.790768, -203232.951961,
2.51589450581, -2.88948417898e+14, 2.72088857671e+14, 88898.5694102, 94407.0301308,
6.24635666031e+14, -1.38402132888e+14, 3.18933212208e+14, -127099.664944, -55155.3242004,
1.1824277174, -5.66614021784e+14, -4.75468086979e+14, 61059.2866734, -72764.1853086,
3.9669967406e+12, 7.13952707081e+14, -9.55570110241e+13, -12769.334364, -95405.8811498,
5.01595592551e+18, 2.82084308499e+14, 4.03944115047e+14, 95423.4575155, -66636.5940861,
1.36115143084e+11, -1.58911472451e+14, 2.76465959917e+14, 125426.119944, 72094.406885,
0.163406998906, 2.7465444916e+13, 2.64623837937e+14, -157539.174424, 16351.072341,
81895900726.3, 1.06633708768e+14, -8.55869564799e+13, 138290.178716, 172297.219684,
551836.803516, 2.94490883782e+14, -6.4080438622e+14, -88393.1513966, -40622.3456562,
339.065348376, 5.8374772298e+14, -4.96395511768e+14, -60457.21044, -71096.0475979,
721086.348061, -3.040033188e+14, 2.28572248786e+14, -79606.3748328, -105877.254458,
6834.56148117, 3.96320687713e+14, -2.91044561016e+14, 68959.0576599, 93902.8067056,
1.11208575668e+17, 1.38677222797e+14, -3.06152111797e+12, 4841.32175817, 219296.56214,
1540.34759891, 2.21948503746e+14, 5.90470161964e+14, -96282.5054115, 36191.0887113,
1.94647989433e+14, -2.18065064081e+13, -1.8255151643e+14, -189184.448312, 22598.8365646,
17360360091.9, 5.90095279757e+14, 8.89482981366e+14, -65890.9473526, 43712.9634024,
1179361367.14, 5.85039446791e+14, -5.47927322309e+14, 62375.4207322, 66600.2226076,
30.2952317216, -2.66106467997e+14, 2.047720378e+14, -85979.1171662, -111732.048167,
16663386540.2, -7.25486603299e+14, -5.20864775414e+14, -50415.7928501, 70221.6468341,
30173.9249838, -1.14167854413e+15, -5.57159753048e+14, -31788.7955475, 65138.563261,
165.944947899, -4.06572497965e+14, 3.61693606661e+14, 73608.7293055, 82742.089975,
2159104.01766, 8.52974648367e+14, -2.89590708645e+14, -27671.9662905, -81506.3640221,
3777823040.31, -5.46345700548e+14, 7.41308383606e+14, -68530.3469924, -50506.9971747,
7.35455355535, 8.14868742004e+13, 1.54155421632e+14, -172963.239791, 91428.7257163,
1.57303214095e+14, 9.75548342796e+12, -1.41792063826e+13, 513020.779152, 352965.150107,
1.02388824889e+11, -7.62256893264e+14, 6.1946239486e+14, -51986.4863602, -63970.0777859,
9034.31172448, -8.16336556167e+14, -5.9451645031e+14, 47857.8403771, -65714.0850832,
1.67892780249e+18, 6.65611377892e+14, 9.46526857548e+14, 62122.9948402, -43685.7885908,
1786373.77893, -9.72362693428e+14, 7.05751494256e+14, -43778.9693709, -60317.3169586,
169.591238297, -5.38258344698e+11, -7.10959060191e+14, 96888.1398357, -73.3528169045,
4.52509944702, 8.70298270356e+14, 4.33079143797e+14, 36914.2944016, -74181.4678202,
0.0743876987633, 9.13418204636e+14, -7.45529879518e+14, 47573.2109616, 58286.3787745,
3.10102884355e+17, -1.06763315475e+15, 1.38757831433e+14, 10147.5577262, 78077.5323191,
2.22185287314, 2.85962214291e+14, -4.52362488264e+14, -94393.6683496, -59671.2218996,
1.75219042376e+11, 6.09140731969e+14, 4.55491758313e+14, -56096.0044164, 75018.6157423,
1.79102010988e+16, 2.36677290886e+14, 1.19383391882e+14, 71460.5482585, -141670.367213,
8.53970425389e+15, -4.12345880854e+14, 4.1547969382e+14, -75788.3538452, -75216.7097204,
112160.002478, -1.24314560421e+15, -2.0480577034e+14, -11831.2179515, 71814.0244023,
1370.89306639, 2.31860879207e+14, 1.09437381009e+15, -75562.8212625, 16009.2118541,
2.65937917666e+16, -3.35205825325e+13, -8.18763567745e+13, -254179.094205, 104062.169361,
178004215.783, -5.48134335972e+14, 3.18065897652e+13, -6386.8217262, -110066.382838,
3.38049893176, -3.32657594958e+14, -1.86390018975e+14, -64667.6774731, 115414.946455,
1.72216747283e+16, 1.3899055111e+14, 5.72099884035e+13, 80206.2543864, -194859.53084,
2.40199843725e+14, -3.80018844366e+13, 5.69823490834e+14, -107864.230568, -7193.53289362,
30837.2267664, -4.69391331339e+14, 8.73320700808e+14, -72267.993278, -38842.5117447,
3708012313.65, -4.27867177023e+14, -2.89921034118e+14, 63743.7341849, -94073.3799519,
1.79685729065e+16, 4.41778782914e+14, -5.91247060817e+14, 76176.1819367, 56918.7116068,
6.08538754601e+16, 3.74307613802e+14, -1.04047174334e+15, -73103.2609925, -26298.7508871,
94119.3715802, 6.74559007674e+13, -2.33964486418e+14, 159077.484568, 45864.7172383,
4.70921306023e+12, 3.69594887796e+14, -1.91652240411e+14, -58284.0726005, -112398.870093,
3.59157916118e+12, -6.59836327804e+12, 5.02887751222e+13, -359664.61265, -47191.4013963,
1103522729.93, -4.96745780186e+14, 9.97170926631e+13, -22588.8163232, -112527.33998,
8.17825795547, -4.90884169198e+14, 1.09864070895e+15, -67995.0291144, -30380.8907723,
3209741.28207, 2.36895788139e+14, 8.79484970921e+14, 82654.1556497, -22263.50875,
40170018192.5, -1.01090610979e+15, 4.3052750742e+14, 30537.7212198, 71704.5216115,
15217.9486668, -3.34033975588e+14, -7.69158106434e+14, -81829.0486043, 35537.1440478,
2.60085075858e+11, -2.69101879408e+14, 1.20831664714e+15, -71669.6362287, -15961.407013,
3.08122789743e+14, -6.20656467237e+14, 3.34447992234e+14, -46153.9195674, -85650.7718181,
30831121111.3, -1.55872937784e+14, -9.18883721147e+14, 83430.0331296, -14152.4809549,
907.122390286, -5.38679728955e+14, 8.12678873579e+14, 68961.3731818, 45710.6675486,
257966.039658, 6.07450138303e+14, 6.32201570356e+13, -10821.1553776, 103974.944684,
93330246.6486, -1.67899563186e+14, -1.04677765968e+14, -97166.7942135, 155852.220896,
779167691.382, -7.18169816737e+14, -4.7709069e+14, -48683.7914578, 73284.2420155,
917152558.055, -5.81169813276e+14, -2.83226062407e+14, -44510.5857743, 91334.1399566,
408697.466832, 4.17493762037e+14, -2.41037202657e+14, 58830.1726282, 101898.088017,
83776955803.5, -5.12826178198e+14, 6.37498058899e+14, 70373.6992332, 56611.1139,
4.67608614337e+13, -5.20670021774e+14, 7.32546824512e+14, -70239.596526, -49923.9789579,
37910.1211674, 3.92826357453e+14, 1.18402859031e+15, 69422.2435747, -23032.287643,
3.02919435403e+13, 7.85906082817e+14, -7.42581482992e+14, -53957.9275939, -57106.0071973,
7377.12018434, -4.65958427023e+14, -7.2670939855e+14, -74018.2543349, 47459.7265836,
4.31540199431e+11, -1.18965223017e+14, 2.82612119392e+14, 135975.48331, 57238.7119546,
8.37696157859e+13, 1.62299779716e+13, -1.21931823942e+12, -47973.3479974, -638558.791338,
324704.843325, -3.6858710248e+14, -9.71423423448e+14, -74933.9587569, 28432.185254,
1.70788245692e+13, 6.64614260154e+14, -7.16536562698e+14, -60587.3959773, -56197.0588081,
41608924042.9, -4.43611428336e+13, 2.51770248281e+14, -159122.857596, -28036.9577506,
810699076.384, 1.35879604882e+14, -1.55017030159e+14, -135310.119701, -118605.585352,
386240041.165, 4.77426048746e+14, -5.73540210198e+14, 72683.095363, 60502.8251077,
6899903141.52, 1.92375593522e+13, -1.3612180449e+13, 307383.795083, 434413.430234,
2.28184159293e+13, -4.93350684519e+14, -8.88187129943e+14, -70852.0132181, 39355.3205651,
1.98265722056e+15, 1.6420927296e+14, -7.62075162913e+14, 90450.6153408, 19489.9801315,
1837.94379364, -9.27649411346e+13, -8.92218519305e+14, -85793.6886456, 8920.06420481,
141404467.249, -8.59283388322e+13, 6.67069783639e+14, -98797.7523925, -12726.5946557,
0.760631329511, -4.92236712447e+14, 1.42290156254e+14, -31693.2693936, -109639.283164,
1.5887133018e+18, 1.84641956205e+14, 1.07924539802e+14, 89143.2851879, -152510.175998,
4494.93701277, 1.16164635241e+15, -1.18162451562e+14, 7650.8344161, 75214.7892572,
3.48732257106e+19, 5.08617203275e+14, -1.17892823145e+14, -25529.8237992, -110141.628934,
3.39700912253e+16, 1.9317096394e+14, 1.01593650529e+15, 78920.8472267, -15006.0717912,
1.40482810244e+14, 7.85227961267e+14, -1.65320313123e+14, -18788.7783231, -89241.7502646,
297318.409451, 5.90425485704e+14, -1.66146435707e+14, 28256.2203895, 100412.58229,
6.51403756334e+18, -3.29252876798e+14, -9.54387300205e+14, 76860.4979817, -26516.0067273,
2.91090630192e+12, 1.17675834711e+15, -1.80626567883e+14, 11359.4836076, 74005.5425449,
17509864161.6, -5.60522958681e+14, 9.33648386314e+13, -17806.247762, -106901.172057,
2.23213134895e+14, -6.66300099266e+11, 4.9999012986e+13, 365304.099671, 4868.13925589,
7.91119953131e+15, 2.45329022444e+13, 8.95030696279e+13, -258629.434134, 70890.648237,
26514.4516215, -8.58658413708e+13, 4.44246011915e+14, -119243.45812, -23047.9049554,
9.33792375678e+14, 6.69138843193e+14, -8.7403824488e+14, -61827.2585479, -47333.1922315,
2294.62204541, -2.72179535795e+14, -5.30288481713e+14, -94139.151955, 48318.5125887,
2.7075803166e+11, 4.23977575807e+14, 3.44624117323e+13, -10147.9769269, 124846.591998,
555.482917383, -1.27181510974e+13, 2.24538521172e+13, 442500.808523, 250638.158394,
3.01485166411e+18, 9.11098646029e+13, -8.71795916494e+13, 159050.006476, 166220.376593,
898579720.205, 3.60994352905e+14, 2.65711812078e+14, -72333.101623, 98271.2850054,
195460611.927, 3.20261548268e+14, -3.49830314456e+14, -87495.9425523, -80100.5083638,
3.94519459585e+11, 8.42762267023e+14, -8.70224554424e+12, -918.823475632, -88982.7517944,
76928683.5673, 4.33572040303e+14, -2.05597292737e+14, 50530.5174791, 106560.836815,
6015.51051662, -1.16328778743e+15, -2.21577813182e+13, 1442.34936219, -75723.6193532,
18.5442403521, 7.64072814972e+14, -4.26002451913e+14, -42534.1391763, -76288.7145529,
1.65145255371e+14, 8.74632946387e+14, -6.77215233598e+14, 47554.2514613, 61416.9809025,
1.09621134085, 5.12174758641e+14, 4.70550020232e+14, 66273.4672126, -72136.0017309,
2255956671.16, 7.96913195933e+14, 8.6048971034e+14, -55346.5066932, 51257.2794335,
2852923952.08, 5.24096068137e+13, -9.14182238445e+14, 85233.0303788, 4886.36665846,
4.14015869399, -2.65604519453e+13, 6.26203733462e+14, -103097.899733, -4372.90080717,
87082391148.5, 1.00679033886e+14, -7.26858300033e+13, -135703.229833, -187966.073636,
176670320.516, 2.76827736867e+14, -3.99475251202e+13, 22062.5383391, 152888.634267,
22054618068.2, 5.48716444051e+14, 3.45414863167e+14, -54048.8167024, 85860.4468671,
207865.27294, 1.16384803888e+15, -5.38515532276e+14, -30294.0794073, -65472.0296719,
1.36482864304e+14, 1.04963113203e+14, 3.66207050314e+14, -127237.007, 36468.965734,
44335507277.9, -2.20599827723e+14, -5.34833308995e+14, -99290.8218463, 40953.9529894,
5349484.70308, -4.14589111502e+14, 2.11594544706e+14, 54433.8374172, 106655.284151,
1180403.28325, 2.84267458837e+14, 7.32543821165e+14, -85918.510447, 33341.1270783,
884.277984089, 3.26406527694e+13, 1.30356564689e+15, 71519.1743458, -1790.80550468,
3.38779022751e+17, 6.26346113705e+14, -5.87479712443e+13, 9618.58996097, 102549.353004,
3.04310892841e+14, -1.22209271704e+14, 5.43220714031e+13, -90737.0428148, -204132.641347,
6.80531790638e+15, -1.09481825484e+15, 6.71280710683e+14, -37681.9549244, -61456.9903061,
0.397677355851, -9.6251197258e+14, 2.4040047227e+14, -19875.0724643, -79575.5308723,
3.39072116107e+12, 1.20603523248e+14, 9.64992200139e+14, -82202.0911812, 10273.5149708,
1.73009481059e+15, -1.05668179179e+15, -1.98333246789e+14, -14534.326316, 77436.1244152,
8.08374431396e+13, -9.16290754847e+14, 6.89985301022e+14, -45885.2488745, -60934.9637816,
204967.973237, -3.38809261214e+14, -2.25630703722e+14, -70973.7234188, 106574.834012,
153.544948508, -2.71220642494e+14, 1.13774360901e+15, 73479.7881264, 17516.4555424,
10617496.5098, 8.38358321535e+14, 1.01274984694e+15, 54883.5183024, -45432.7931257,
6422.83957299, -4.42842712249e+14, 4.12827344205e+14, 71593.5677299, 76798.9091764,
2395.96757111, -3.18657059788e+14, -3.41774073355e+14, 87410.6953796, -81498.3854986,
0.1873713632, 1.2228493155e+15, -1.32959059298e+14, -7962.02501635, -73228.2320036,
152917866.965, 4.65709862077e+14, 2.42070690922e+13, -6209.88148832, 119469.35998,
1.61937900165e+19, 3.05111164172e+12, -5.41053883805e+13, -350379.488031, -19758.6038461,
5858.28386498, -2.93491219313e+14, -1.15617586886e+15, 72500.4757144, -18403.9933641,
150.432518091, 6.37382132197e+14, -4.64836037697e+14, -54197.3573863, -74315.2948756,
261413753.046, 2.51778100519e+14, -4.40857145585e+14, -99562.4269793, -56861.1374431,
2.10977546967e+16, 4.42471378874e+14, 4.85543725253e+14, -74500.7186591, 67891.7963465,
4209.64797581, -9.79304017922e+14, 8.55381065738e+14, -47130.3093536, -53958.2919995,
69860.6105671, 2.73416990028e+14, 1.27274889153e+15, -70004.5828177, 15038.6635177,
1.89665128784e+11, -3.12377861197e+14, -9.62208020853e+14, -77253.881882, 25080.2340746,
1.59081592648e+17, -1.06015609984e+15, 6.24095411251e+14, 37365.7057329, 63473.4371434,
5.43159188868, -3.04290383066e+14, -1.03311625326e+15, 75512.8312198, -22241.2804617,
1.83045710204e+15, -1.83595370924e+14, 5.13416161182e+14, -104174.809081, -37252.4555327,
1452.31954712, -2.30531737522e+14, 2.20409139388e+14, 99965.8584014, 104556.930326,
37439.8840351, 3.72578000064e+14, 7.72616138277e+14, 79452.7887752, -38314.448372,
34488881.4787, 5.13569087767e+14, -3.63329224165e+14, -59486.4993632, -84084.6955887,
3.46726170269e+18, 4.4852828076e+14, 1.1498434993e+15, 68507.6343331, -26723.298836,
3.01602034349e+17, -1.10244881675e+15, -3.38907966986e+14, -22352.4142833, 72711.1637335,
1.64936565257, -3.01551969896e+13, 4.81818465191e+14, 117348.627226, 7344.40712864,
19769984469.2, -2.5593338413e+14, 5.87105976452e+14, 93576.4516201, 40792.188972,
8.77191344021e+12, 9.38940437299e+14, 4.18711127638e+14, -32815.0827891, 73586.3132128,
4192292590.49, 6.66592930128e+14, 8.5687546075e+14, -61885.8042898, 48143.09839,
8458111641.96, -1.28976658895e+15, -1.6625781886e+13, -927.159338457, 71925.5879562,
59868749946.1, 2.09815312354e+14, -3.466964052e+14, -109792.125511, -66444.49946,
9.72960098686e+12, -1.16027968681e+15, 5.84641071549e+14, 32250.9599099, 64005.3110954,
7.20892334432e+16, 6.34963930062e+13, 6.35811844287e+13, -192837.137603, 192579.971346,
25208542946.2, 3.99255320483e+14, -1.21691811421e+14, 36867.417218, 120957.29618,
1.82836984255e+13, -3.58376871041e+14, 4.95363526831e+14, -84648.8562893, -61240.2621732,
6.41121586444e+14, -9.51082465227e+14, -1.33015422453e+14, -11546.7101171, 82560.9039986,
3.96638857527e+12, 1.74709686456e+14, -4.3327473102e+14, 110851.117623, 44698.5771765,
5.02353507406e+12, 6.48346784186e+14, -4.41698390523e+14, -51930.6544388, -76226.3877987,
23898728827.5, -3.48735525777e+14, 4.0277607409e+12, 1597.60360728, 138325.280424,
849508.827323, 3.93962671263e+13, 1.29974772082e+15, 71608.4797768, -2170.503362,
7.03170900354e+16, 3.21281804905e+14, 3.61464860348e+14, 87804.3398336, -78043.3726064,
12917.8091124, 9.63502557136e+14, -1.09220452275e+14, -9344.56144043, -82434.2754091,
78.250041725, -2.41400577883e+14, 7.89190070598e+14, 85994.1376511, 26304.2266964,
1433741120.61, 4.05318269511e+13, 2.26137968885e+13, -184756.674177, 331148.527721,
13.1536192514, -1.63341700961e+14, 3.91205204603e+13, 46428.5065753, 193855.070123,
3.20969323495, 2.56006582547e+14, 4.94015325503e+14, -97239.51659, 50391.0608549,
7.01530701431e+13, 6.43173159936e+13, 2.83512776059e+14, 147761.305785, -33520.9253278,
2.2111051843e+16, 5.92127984209e+13, -1.17564541435e+15, -75202.0529139, -3787.64204384,
354448242.142, 7.62968320788e+13, 1.58641652092e+13, -59575.0465545, 286519.162093,
2.88099838594e+16, -1.70592814483e+13, -1.09550778879e+13, 310028.200281, -482776.880239,
572.479520037, 1.00061798652e+15, 6.11016111943e+14, -39320.4924636, 64392.3969091,
4.96750319787e+11, 3.80605147815e+13, -6.61866954723e+14, -100168.791723, -5760.18450657,
199720811.585, 3.81420562014e+13, 4.20565254316e+14, -125201.13788, 11354.7868934,
1.3705581008e+11, -7.23024506988e+14, -2.3693617149e+14, 29165.5393715, -89000.3395955,
5.45927180418, -9.51954965237e+14, -1.31792391456e+14, -11428.1230612, 82546.9389491,
7.26288473342e+13, -4.32517080511e+14, 2.71330041825e+14, 60757.0156996, 96850.4883358,
758295.526188, -1.10060527857e+15, -5.09878125406e+14, -31180.4123806, 67304.9592521,
195253478.44, -5.14511733383e+14, -7.17994349212e+14, 70655.1327274, -50631.1711949,
1.26752803519e+11, 5.6545514582e+14, -2.84523276336e+14, -46153.2270013, -91723.8829814,
0.645541976533, -9.22193463888e+14, -1.69063893382e+14, -15214.0081879, 82987.9084755,
22820.0411513, 5.8857987639e+14, 3.60452578448e+14, -51356.4523881, 83859.5038732,
21.7511224239, 9.32247212335e+13, 4.0338208957e+14, -123704.778232, 28589.1311591,
2.77683941288e+15, -2.51286709589e+14, 4.94793475158e+13, 31186.9475874, 158386.596324,
2.20270089389e+17, -7.91957304018e+14, 8.05722583798e+13, 9267.69839632, 91093.6541185,
0.816719210559, -9.20078774467e+14, -5.3650356853e+14, -39874.6147025, 68383.1176152,
2.48559635077e+13, 5.07653308664e+14, -4.9290422006e+14, 67654.1230257, 69678.5257683,
3379.9364147, -6.9650757206e+14, 1.1332794076e+15, 60346.5289524, 37088.6597612,
13.9906409188, -4.7455414253e+14, -8.43759644269e+14, -72370.4519975, 40703.1765806,
159070646.93, -1.87195574829e+14, 2.29234629381e+14, 116313.422189, 94982.8478614,
7902175753.75, 3.17044304318e+14, 4.43400846222e+14, 90009.6696483, -64359.4917301,
7.73834722311e+18, 7.23389439236e+14, 3.71162793176e+14, -41359.9288708, 80609.738645,
1311.25853451, 8.39220925464e+13, -6.24193694601e+14, 102023.004597, 13716.8704326,
696540.938578, -1.01852999802e+15, -6.23299668007e+14, -39023.1085981, 63767.4119903,
404737896.847, 3.79188689561e+14, -3.81284024703e+14, 78992.5766267, 78558.4752457,
40403385351.3, 2.64266051236e+14, -5.40621903652e+14, 94614.482739, 46249.3205959,
19230263.9734, -3.82105163239e+14, -8.43770620123e+14, -77324.9763565, 35016.9489296,
2.85051481351e+19, -2.21747511932e+13, 8.18325583603e+14, -90259.0903322, -2445.81485798,
1.03628236947e+11, 8.81266915922e+14, -3.19289857412e+14, 28743.7354501, 79335.1323387,
21.7327295834, 6.01985316364e+13, -2.09817069872e+14, -168076.422896, -48222.7392994,
1.73373660664, 5.94498572779e+14, -6.20445465219e+14, -63633.5678962, -60972.4261289,
1615805519.0, 8.30334919622e+14, -2.4557169655e+14, -24898.8359558, -84188.7450485,
66793124.6846, 2.11724826358e+14, -3.29045690511e+14, -109830.048046, -70670.2701843,
1.08972187416e+11, 3.9753486099e+13, 4.8717792136e+13, -252419.400261, 205973.02709,
7212537430.1, 1.02854357909e+15, -3.70665330568e+14, 26489.1991198, 73503.7604626,
3.65206196424e+12, -1.4607284872e+14, -2.47448605922e+14, -131240.81991, 77473.5438947,
3.8022531459e+14, 5.73561454105e+14, -7.97834495919e+14, -66917.1511477, -48106.5919225,
37007373.2342, -4.86653888833e+14, -7.17394813932e+14, -72612.2824554, 49257.4645756,
1.06911427489e+11, -3.75859252646e+14, -4.67686807249e+13, 16391.0134107, -131727.343067,
1.35074212711e+13, 6.24371904158e+14, -5.33799178496e+14, -58573.134248, -68511.5692122,
1674.90621205, 7.46690158902e+12, -1.60050521701e+13, -557085.208526, -259899.210859,
95.4019249006, 2.31068792414e+14, 8.10384832799e+13, 54637.1533904, -155789.453897,
1.90686216122, -1.20199579314e+15, 3.33018501504e+14, -19530.7120799, -70494.0826142,
3.01324394676e+17, 7.2770030755e+14, -6.86120214376e+14, -56039.3108401, -59435.3917561,
1.62286439624e+13, 3.2751789875e+14, 1.0484171266e+15, 74403.9807739, -23243.2634143,
60445189.691, 3.73708559204e+14, -2.27014861031e+14, -64141.9231606, -105589.500089,
2459.23211763, -3.82895678139e+14, 1.14745105574e+15, -70459.1983898, -23511.6978749,
9.02194407473e+18, -2.03438509136e+14, -1.12392265114e+15, -75218.4106735, 13615.1018146,
4.17275255201e+15, 8.45230374382e+13, -1.05527539003e+14, -173409.588961, -138893.651064,
8.13416131906e+14, -1.31714663887e+15, 4.25456680311e+13, 2297.510913, 71127.3066536,
528821347.533, -5.26686074382e+14, 5.49667019413e+14, -67605.9134147, -64779.3880365,
1443516.92905, -1.03619132823e+15, -2.28367603379e+14, 17069.4239599, -77450.5176015,
12113.621421, 4.00070752334e+14, 1.91924637401e+14, 53046.0826356, -110575.62216,
6.27689529876, 1.11199609953e+15, -5.57181213705e+14, -32815.1754156, -65490.9860024,
4.36383492874e+12, 1.85245394274e+14, -9.92180422022e+14, -79934.9898233, -14924.2903584,
208212783.243, -2.06465159313e+14, -2.97832448035e+13, -25537.9829355, 177035.905593,
7.61828390928e+13, -4.6131203418e+14, -3.70485778004e+14, -66504.3208623, 82808.154483,
7009.3349965, -7.05709003313e+14, 5.86267750089e+14, 54501.3849822, 65605.038089,
4.18847954122e+14, -5.68891866117e+14, -8.22911111379e+14, -67186.0074174, 46446.7821714,
131.684241117, -9.53113082732e+13, 6.29746061092e+13, -133244.569063, -201664.051311,
5.49680984871, -5.04900528469e+14, 1.98439691336e+14, 40571.9412472, 103229.320903,
3.01181318358e+11, 1.75992816918e+14, 1.34819418688e+14, 105512.663117, -137735.876502,
