# mass, x, y, vx, vy,
2.95017864791e+33, -3.89777176442e+12, -9.99837431129e+12, -29752.9920814, -32233.7600828,
3.06554151827e+28, 1.1050613486e+13, 7.49790809716e+12, -48705.9865148, -1170.03591667,
6.46050160464, -1.09160485738e+13, -8.58809074856e+12, 13528.2271349, 40310.161951,
2.07209682983e+30, -4.21066267755e+12, 3.42327312883e+12, -3474.87178003, -17549.967841,
1.39280827928e+20, 2.94911656299e+11, 3.7861765037e+12, -44663.1254479, -41564.9689549,
2.36079333593e+15, 1.32351744273e+13, 4.49685063691e+12, 22245.5977228, 39513.9542787,
6.41422798951e+32, -5.34732008735e+12, 1.01644543658e+13, -44251.8073295, 177.62741469,
1.51353565666e+30, 6.79971114642e+11, -3.56904334547e+12, 29995.6922963, -19674.3610097,
4.57354209698e+11, -7.26411219524e+11, 1.29213447362e+13, 18631.3808931, -39256.5807354,
1974914.36759, -1.00839132697e+13, 1.1746243086e+13, -21010.9420362, -2498.81607807,
6.4869611059, 3.80085269575e+12, -7.75977709421e+12, -39770.3359434, 19445.4959384,
328.880191235, 6.18438393155e+12, -3.42339532388e+11, 44158.1171174, -14478.8091035,
2.53502663675e+12, 6.74479243644e+12, -9.95224735835e+12, 22905.4376394, 31660.028921,
2.20491679365e+30, 1.22297774948e+13, 1.15584470591e+12, 24454.23215, -45207.4697548,
9.84877726928e+11, 1.21736017552e+13, -1.08291676155e+13, -45271.5879592, 8392.68194763,
2638019012.12, -1.14137253107e+13, 7.85466331716e+12, -11442.0326546, 18824.503015,
280.996977167, 1.06216591181e+12, -1.05362000726e+13, 41287.423088, 23296.9522628,
6.35365813133e+12, 1.03305609099e+13, 1.52241662487e+12, -25931.4453714, 32385.1783256,
7.22629791063e+30, -1.86889298879e+12, 4.70864084952e+12, -27659.5549733, -48678.9093695,
7.57932204434e+25, 5.2393405994e+12, 5.21297539848e+12, 49465.5198772, 41995.1463409,
1.04882351315e+24, 4.16226352704e+12, 7.10662666861e+11, -30118.6816497, -1927.31846551,
2.55391337207e+21, -1.6223369206e+12, -8.91922890064e+12, 26606.1174229, 39765.5432511,
2.59857211199e+20, 7.6932478302e+12, -8.59494150819e+12, 43360.4242565, -45812.837788,
3.3458834149e+26, -6.71153752037e+12, -8.5109438831e+11, 5986.9083483, -47631.5515383,
6.10394740822e+19, -5.72045795325e+12, 4.01552684514e+11, 17521.5860671, 46871.0632737,
846.635966785, -6.12536521022e+12, -7.66508432947e+12, -2830.63304332, -25142.7150429,
1.19429939845e+33, 3.63014084288e+12, 1.12059914396e+13, -34726.165102, -3085.44865065,
1.74138105676e+13, -5.40676371371e+11, 7.24277251622e+12, 41783.8726043, 29792.2041453,
7.15487380522e+32, -2.06186786268e+12, 1.39004456122e+11, 33701.6438089, 12407.1516154,
7.32323248045e+30, 5.38714767096e+11, 2.1949411448e+12, -38341.9837719, 19347.9746442,
1.82075418041e+14, -8.24029802947e+12, 2.02309850758e+12, -32572.5739947, -34443.3958449,
1.2215419342e+27, -4.57559616617e+12, 9.02354009788e+12, 21042.9022905, -15479.2684444,
9.07609514186e+30, 8.85205690515e+12, 9.44507093945e+12, 26144.7607049, -14448.3233646,
1.44401812504e+14, 7.48496053259e+12, -5.43318656552e+12, 516.536670426, -45292.8208016,
1.59490100277e+29, 3.31310147482e+12, 1.12629664473e+13, 42394.9361466, -2408.09518485,
5.11827835051e+12, -2.64703895035e+12, 1.18431943516e+13, 38492.8583052, 47489.0777053,
3.84697247657e+12, -7.57833583058e+12, -6.1010841165e+12, -44334.6995029, -18444.6442219,
4.0513514547e+11, -7.71226460748e+12, 1.05663772135e+13, 11421.4980894, 19554.6750036,
1.45571853053e+28, 7.46658277321e+12, 2.67179659595e+12, -24075.0332579, -46619.2861639,
9.95339337801e+16, 5.22574631303e+12, 1.05012360624e+12, -11488.9654458, 16972.9743393,
9.07469033437e+30, 1.29532316637e+13, 1.09221963019e+13, -39099.1915435, -18124.0934085,
4.68666648487e+29, 1.23797372308e+11, 7.04892065946e+12, 43330.5011799, -37588.2743041,
932300522.903, 2.9291386456e+12, 5.71215992851e+12, -25717.7435255, 7023.73769175,
2.37483806438e+14, 9.38880994081e+12, -1.02907386388e+13, -38510.2922088, 44435.9973705,
2.27268407351e+33, 2.26917082407e+11, 9.28870412507e+12, -9164.83778203, 22020.9745206,
2.03687062726e+27, 1.32408505713e+13, -4.01017642775e+12, 49289.3324393, 3546.40811068,
1.31288859718e+32, 6.88446927407e+12, -9.27387135522e+11, -28641.8257261, -40550.2715825,
23980.0318817, -8.14675052193e+11, 2.79511499079e+12, -44144.7469221, 43314.5411184,
7.20185974334e+14, -1.25772620933e+13, 1.05144469581e+13, -19.1615266144, -30701.5255654,
3734965.69102, -7.92476537338e+12, -4.48665649685e+11, -598.350007771, -8082.09150007,
4.88997443435e+21, 94845966457.3, -2.22796929816e+12, -29763.9011192, -3806.34795585,
5.58232497123e+22, -2.35872960049e+12, -9.84921972769e+11, 33629.2838393, 8377.10233396,
28615.1349019, 2.00708909877e+12, -4.49113841662e+12, 33549.7797458, -29893.8861273,
4766433285.92, -9.92608711922e+12, 4.71650618285e+12, 5365.46438884, 22342.7199653,
232.352921973, -1.33436348746e+13, 1.10558514316e+13, -2050.43179052, 11786.7643437,
9.2147840149e+24, -1.11712872986e+13, 5.04899944211e+11, 6883.16274199, -7974.51190231,
1.05480517217e+29, -1.03359076476e+13, -1.08814038031e+13, -16376.7937336, 35565.2666543,
5.87737872542e+22, 1.16385286543e+13, -1.2358626327e+13, -33936.1372135, -30037.1960833,
6.21544963653e+21, -7.75939991641e+12, -1.63594326476e+12, -48821.4358088, 5754.24931959,
4.68517771142e+18, 1.17877565377e+13, 3.8462060324e+12, -1134.182423, -17389.4623261,
47064.2128023, -1.76344890038e+11, 4.78762010543e+12, 28740.1743937, 34007.0217224,
9.03646612958e+27, 8.22131423536e+12, 1.33730163884e+13, 11759.9781081, -3582.31935914,
25485419.52, -4.41730495934e+12, -7.17247453171e+12, -9873.59249905, 4723.88989602,
7.10323212985e+18, 1.39774773277e+12, 8.34736614049e+12, -2646.26270329, -13297.8032741,
9.32114435713e+28, 7.2131785857e+12, 7.35445929537e+12, 38486.2165956, -23231.452001,
9.99362078004e+14, 1.21622390814e+13, -1.16664694756e+13, -22499.123264, 29330.3169406,
3.78210513643e+20, -4.8662047981e+12, -2.00365044497e+12, 6664.811939, 11536.4207142,
2.74819971492e+14, -1.32956510928e+13, 9.47638294121e+12, -39500.8170616, -5650.40617585,
5.17761100845e+25, -9.2508326192e+12, -8.83297115132e+12, -40734.0623701, 31684.2635432,
69838927105.6, 1.34080791763e+13, -9.58523220754e+12, -42509.6563633, 25622.6987015,
8.83426884441e+33, -5.29850271017e+12, -4.07447222872e+11, 33859.7021054, 47668.4122289,
4.70356331014e+27, -9.51377303141e+12, 2.94315148241e+12, -14773.1646545, -47184.4147791,
3.27979474326e+18, 8.87355620084e+12, -6.16029399082e+12, 41250.5772589, -44842.2261173,
9.01175328427e+31, -9.53989572159e+12, 3.17325759335e+12, -45404.1451926, -25612.0501519,
1.09740955422e+14, 4.9908917038e+12, -5.25496666448e+12, -16630.6103902, 22695.0707446,
9.13140003822e+18, -9.38624891962e+12, 4.10139665234e+12, -1395.18418355, 7063.58810658,
2.15056935121e+26, 6.34572940437e+12, -5.94830471898e+12, -45577.6663873, -12839.5333207,
6.45942174814e+32, -9.44574539563e+12, 2.70426084866e+12, -20098.4050065, 28994.5351933,
34295.6186393, -3.87193441886e+12, 3.09411668879e+12, -47289.7246727, 44461.3104881,
18768798.5467, 8.89930195025e+11, 1.32932580867e+13, 3306.23953995, 40354.8782517,
2.40221122125e+19, -6.77985673772e+11, 1.01372319914e+13, 27269.6276515, -3366.44150952,
24856918.0369, -1.22676234788e+13, -1.257460986e+13, 43708.0899903, 37010.0732878,
2.96912544323e+24, 1.0246177601e+13, -3.87506774417e+12, 26350.3431768, -4773.26564459,
8.04897979e+23, 7.77707051331e+12, 8.8666304021e+12, -46161.5276355, -10454.6756212,
5218059.61123, -1.05626933741e+13, -3.43034775842e+12, 32776.5714386, 49418.3066508,
1.33996380911e+18, -1.12332112607e+13, -4.9935597618e+12, -42842.5782286, -37788.5579301,
1.58854352009e+32, 8.81926475874e+11, 2.69293561897e+12, 44307.7464816, 31866.9305274,
1.80410824473e+33, -1.29761873494e+13, 3.4151611289e+11, 6638.82626006, -12468.0189534,
1508732705.34, -2.06717181378e+12, -1.23497072539e+13, -7022.75436179, -28147.2847163,
5.63641603404e+32, 1.0595009406e+13, -9.25167115248e+12, -42024.4138696, -22088.9245584,
1.55306657861e+18, 1.30145465516e+13, -4.45413323683e+12, 45558.20471, -21526.7084743,
366.814705069, -5.30092232536e+12, 9.15890463411e+12, 11183.9838122, 46060.8304638,
1.19762356159e+14, 1.10259614959e+13, -8.31562657062e+12, -36107.2335878, -27672.762022,
2.87392078587e+33, -5.55866297569e+12, -6.31778415671e+12, 44771.2203997, 49560.0435286,
3.00229594938e+33, -9.99780181032e+11, -1.27034420302e+12, 34092.6767976, 14941.826753,
4.2371702193e+12, -1.24090025622e+13, -7.02691873088e+12, 22332.7709096, -39238.3720649,
3.73390868139e+27, -2.45439234384e+12, -5.67761411853e+11, 40571.7264275, -34935.0738155,
7.17590138399e+20, 9.35273046719e+12, -1.29896463525e+13, 15243.1570855, 16733.5521714,
4.21288083536e+16, -6.92908803849e+12, 1.60081933711e+12, -15086.865534, 7183.20427634,
1.36254450475e+26, -8.19601075876e+12, -4.24405573302e+12, -11152.2091451, -32734.8871266,
2.63075511519e+24, 1.32473210477e+13, 1.77771509332e+12, 22060.3033389, 20064.2363394,
4.18446239769e+14, 1.41935392368e+11, -5.79653576236e+12, 47005.2804097, -36902.2428663,
2.34859332984e+26, -7.27333491327e+12, 1.12322683826e+13, 4243.73681144, -35401.5202335,
3.68276988303e+15, -1.0979460982e+13, -5.12180576322e+12, -44451.7475253, 27166.3479513,
0.621638057712, 6.7881594313e+12, -1.2925851503e+13, -15479.3498879, -36020.5660265,
7066790.76503, 3.10334774019e+12, -7.96520872301e+12, -13626.9507173, 30972.095807,
12306.7239371, 9.77117230119e+12, 5.5784387159e+12, 26233.0823202, -39119.6094581,
1.88901677456e+31, -4.180291302e+12, 1.00182205686e+12, 35800.1510143, -18285.6104089,
7.32150122881e+21, -2.46923544393e+12, -9.44252120327e+12, 49391.7243369, -8873.9069552,
7.41221899699e+29, 1.29353811125e+12, -1.15191538462e+13, 42927.7194976, -9780.88444796,
4406638276.54, -6.14610888235e+11, 3.26933929522e+12, -23740.353964, 33680.2164372,
2.53557785375e+21, 2.0602880856e+12, 3.35109101879e+12, -44234.5318291, -23256.2483166,
7.29734196495e+23, 9.65948328054e+12, 7.65187750702e+12, -19153.8995128, 1067.68241579,
34910067.6789, 1.26896396223e+13, 2.64571747724e+12, -37505.1816902, -22037.3194613,
14096153.5362, -1.30042534458e+13, -6.83227568211e+12, 23965.6200804, 45400.4736935,
1.86100799989e+23, 8.65554205182e+12, -3.68200052969e+12, -931.573950306, 33999.7121876,
1.26614744972e+24, -5.59962687233e+11, -7.48441763138e+12, -10855.9269071, -5957.20451553,
4.26856282264e+17, 9.38140876953e+12, -4.43985632443e+12, 16750.4574428, -17317.1197968,
104257735.102, 7.49640058693e+12, 1.16457918205e+13, -4124.72925463, -32297.4471574,
17302794.1768, 1.29802952424e+13, 1.13044237068e+12, 22106.1832183, -48805.8765475,
1.80733843296e+31, 3.86011456001e+12, 4.09619562216e+12, -16473.5005048, 22750.5814989,
7.82609050418e+21, 9.89728136636e+12, 3.1988730284e+12, 34500.0842571, 27754.7747082,
3.65850810653e+15, 9.84109135608e+12, -6.28755130702e+12, 35948.2938943, 14568.6788364,
1.42144237203e+27, -2.77677061978e+12, 1.19190740027e+13, -47435.5092947, -13462.4810638,
320169.957138, 7.1754924461e+12, -4.49714241394e+12, 9065.92598367, 31727.6297877,
3311377589.65, -7.37600694031e+12, -1.17214360392e+13, -3501.1534279, 35774.8764729,
5.69283377372, 6.06357527758e+12, 1.03888749942e+13, -26930.6372353, -13627.8858785,
62627827012.0, 3.67137420424e+12, -3.91228995416e+12, 43617.0384898, -23399.3699432,
1.10521622413e+21, 6.47741965304e+12, 2.89252516122e+12, 35909.2390132, -47300.5643453,
1246749.71835, -3.64878514674e+12, -3.0824067737e+12, 1165.54268093, -4483.91755051,
7983490255.91, 6.01298014185e+12, 1.94129627583e+12, -26612.3994486, -5678.44966123,
1814967.86764, -3.42187046327e+12, 7.80617831525e+12, 38548.9543233, 36954.79848,
4.37695730185e+17, -1.09186433311e+13, -1.5519171916e+12, -36146.6114217, 41245.404746,
9.67829253036e+29, -1.24005714269e+13, 1.07005831503e+13, 20806.9427621, -35684.0691221,
3.47264245108e+11, -9.38702927897e+12, -2.25609855874e+12, -49722.5806035, -31518.4613087,
2.53211464179e+33, 4.22282649142e+12, 1.0426559322e+13, 35472.6846892, -15900.3074268,
1219090040.59, -1.99255105597e+12, 7.47234995283e+12, -40135.4450122, -26294.3634962,
3.78038323328e+31, 1.76048727969e+12, 2.00037400255e+12, -48103.364927, 40819.5663885,
270.526902196, 1.28267460164e+13, -1.06302119913e+13, -10500.2797949, -6719.50817916,
152.679375519, 8.56365950256e+12, 1.16781135443e+13, -41864.9621106, -44537.467893,
3.06332881715e+33, -1.07170544825e+13, 1.18949442178e+13, -39349.4183801, 15706.8761279,
4.92594570277e+23, 1.12636215381e+13, 2.1922155769e+11, 35481.5869367, -34533.9258415,
3.60798440395e+33, -4.7044756795e+12, -1.28688170415e+12, -27802.0706069, -22979.4314046,
1098908907.66, -2.35954644978e+12, 4.71219398529e+12, -34717.0160958, 31448.1900238,
6.18684056889e+26, 1.1886985569e+13, 9.25659908322e+12, 36946.7758235, 2028.4446222,
1.24292187023e+31, 2.57546818066e+12, -2.10880707961e+12, 38894.3541106, -13390.4020301,
1.85290380822e+11, -7.47711686971e+12, 8.3518338328e+12, -8416.72578795, -9994.41520819,
2.37784131951e+15, 9.03082819677e+12, 5.36028612805e+12, 48787.166812, -19237.3751224,
195779.925574, 2.69802193259e+12, 6.83806573761e+12, 18493.4375726, 48958.0045006,
266807483.424, -2.01754437285e+12, -7.15782462387e+12, -38472.4385218, -15556.5014863,
2.75289634788e+18, -2.30819229141e+11, -1.33801292964e+13, 13377.3655802, -22678.9625123,
1.93478282062e+25, -1.21725217539e+13, 2.32006877297e+12, 30716.332135, -5647.41956729,
2.17871216112e+25, -1.22102004145e+13, -2.0769119304e+11, -14452.9971843, -16112.8964327,
6.37442993901e+28, -5.75368682139e+12, 2.41612541016e+12, -22723.8132677, 41806.0100199,
1.99022073234e+25, -1.03112714341e+13, 3.98234595833e+12, -13718.2734005, 10597.5158253,
168.209859446, -12041606046.3, 1.22547961132e+13, -24606.0344404, -33390.0773985,
1.74345910189e+12, -1.30794447476e+12, 3.37122844696e+12, 30537.5543256, 30816.53591,
7.19939404955e+25, -1.32613617274e+13, -7.52563893739e+12, -4271.16341846, -41471.9833972,
7.36606180658e+32, 1.26349121236e+13, -3.00369537401e+12, 43093.9642996, 19909.0865784,
6.61548948896e+16, -1.30772816089e+13, 1.20117212754e+13, 37824.9678412, -28167.7931455,
3.93946119858e+13, 2.47245840099e+12, -1.0397909521e+13, 17736.5463887, 33093.2097892,
582312.058893, 5.34002208472e+12, -1.34413630436e+13, 12951.6251106, -23548.1617652,
7.06062504181e+19, -1.6489895997e+12, 1.75672179047e+12, 13356.3644538, 28055.0900781,
8.79937629812e+23, -1.15639521565e+12, -4.89930028681e+12, 18078.778021, -27081.4495501,
1.47489245325e+11, -3.46272987716e+12, -4.52139509672e+11, -17849.0085306, -31685.9587883,
770.562062185, 1.05198729751e+13, -1.23329166218e+13, -41656.3713776, 25042.1340174,
2.15082958534e+32, -8.7199922912e+12, 7.73080451736e+12, 28780.8547804, 6534.35603339,
5.29308867919e+23, 3.38836801077e+12, 2.07649067887e+12, 35221.1847254, -23970.6311789,
3.0637731204e+15, 1.34260476033e+12, 1.02862669637e+13, 4241.08371756, 7088.77326942,
5.8828072909e+16, 2.39867860042e+12, 6.39882719019e+12, -34469.3774467, 2763.21475535,
3.68459310483e+31, -3.33208302689e+12, -5.82162103211e+12, 25497.9997929, 49696.74058,
2488.30186085, 7.66730976641e+12, 2.96729539377e+12, -43314.8497711, 35668.5509951,
88727406.2153, -2142433490.8, -1.95846817723e+11, -17247.459672, -4628.92464708,
1.69336464018e+12, -1.10838060794e+13, 5.16783031282e+12, -28761.8358414, -15458.1072331,
43093.2985533, -2.20720578558e+12, 6.46716592225e+12, 2822.77815717, 2760.36921834,
45.7676580007, 4.1111232248e+12, -2.02483216494e+12, -31127.8532168, 45230.4795673,
200643462.46, -1.13057251725e+13, 1.31361194987e+13, 27343.5779287, -18849.6285093,
1414880.66038, -5.91163455105e+12, -1.17430013038e+13, -10735.8603297, -7338.27841967,
1.70305403004e+22, -4.84994321289e+12, 6.5817661328e+12, -35997.6561278, 38420.6489277,
1.93431428631e+14, -1.1371751174e+13, 7.34525819317e+12, 30229.981751, 19527.9397289,
3.6768007774e+20, -8.64656979132e+12, -9.10515287588e+12, -31049.5908759, 2152.23706932,
1.52336177445e+14, 1.15797339046e+13, -5.8993620209e+11, -7264.50171329, -26254.9901211,
5.18754188093e+25, -8.60490252068e+12, 7.25017467913e+12, -37945.8234025, 39177.3728203,
248705.026842, -3.30795946437e+12, 5.75448184597e+12, -46156.5572352, -2872.30112966,
1.28326745641e+27, 7.28096040456e+12, -2.77169407815e+12, 25265.0859151, -48056.2178164,
9.21360389123e+33, -2.62889723642e+12, 1.30479433588e+13, 14860.9365082, -38436.3095106,
2.22177972965, 1.11688705374e+13, 1.04062393408e+13, -36620.8287746, -10898.8272127,
4.33722442313, -1.32324379959e+13, -8.28119764242e+12, 11296.6012393, -8459.3118152,
3.80106364197e+26, 1.28416835911e+13, 7.80751993947e+12, 25747.0908184, 5297.98307653,
3295841269.61, 1.39887549434e+12, -1.30740807815e+13, 33381.5594219, -47075.7283536,
18438.3809004, 5.00618911433e+12, 3.3342105696e+12, 20440.7660301, -46676.8098265,
1.3303418684e+12, 6.49947141608e+11, -3.69756383917e+12, -29347.0575238, 29686.2564586,
1.09191937189e+17, 1.01622968272e+13, -1.50482302037e+12, 34382.852855, 3707.78397866,
523043.018638, -5.46908816556e+12, -1.28567567116e+13, -7504.53143454, 33280.4323282,
3.63253471621e+29, 3.43336018691e+12, 2.32116552555e+12, -29379.042338, -18768.2367337,
9.44932422447e+18, -2.82277058768e+12, 1.29422996715e+11, 2509.80688863, -44739.1510413,
7974614.5996, 5.25275482706e+12, 1.26241234651e+13, 39940.0073513, -2466.95913899,
6854579.71937, -5.76641242568e+12, 7.03946651778e+12, 46898.9588164, 31960.5180039,
26.3398178739, 4.9035506356e+11, 1.25187246991e+13, 29871.7222702, 14454.1658739,
1.96323453988e+13, 7.38246027644e+12, -8.85250839589e+12, 39596.2020306, 14502.0754694,
2.9528235882, -1.15187781068e+13, 8.99616370307e+11, -24567.7718416, -16027.2335386,
1.69131085643e+32, 1.10864652708e+13, -4.27512664181e+12, -6518.126733, -12588.3791626,
2.85935981465e+23, 2.08945474592e+12, -8.49653071797e+12, -29208.2735119, 48281.7798263,
5.24685658171e+19, -6.65758065984e+12, 8.95749821579e+12, -46729.5484805, -12417.3235835,
1.31805678798e+32, -9.73895460381e+12, -4.82074467105e+12, 11184.0801264, -11868.8616391,
5.28285676812e+14, 1.18026518264e+13, -2.01871469424e+12, -7839.53324634, 13167.0174623,
559.743067986, -7.49440241926e+11, -7.87568899343e+12, 19786.583644, 32265.4426585,
16559861.9, -1.05258643886e+13, -1.33118745443e+13, -30011.6154825, 31413.9295241,
30.3227778159, 1.25237318487e+13, 5.11826507487e+12, -6886.28883617, -49029.0002149,
8.58895004754e+23, 1.00442127197e+13, -1.32788423855e+13, -35144.4490176, -44160.1083814,
2.18197007109e+12, 1.26154640958e+13, 1.45748568003e+12, -10009.9088436, -2265.85461097,
5.58028144306e+13, -8.36515575439e+12, 7.60072661224e+12, 40509.6815966, 298.330033666,
2.9388065e+20, -1.32490058878e+13, -1.26543843893e+13, -32590.7000184, -29949.5915311,
4.62178480047e+26, 9.32152261002e+12, -8.48409148762e+12, 34422.4984248, 46049.1793379,
4.64284181511e+20, -9.5254060377e+12, -5.02279484366e+12, -1697.46574954, 46947.5779218,
9.16359212737e+27, 5.43518116321e+12, 1.20415730965e+13, 45546.8421251, -46224.4751469,
5.2213769005e+27, 8.36122819987e+12, 3.20295287426e+12, 1194.40866472, 34088.4283021,
2.97572307073e+17, 1.20716297912e+13, -1.24863202326e+13, -13561.2634655, 42853.7189446,
1.37040551028e+21, -3.20953841102e+11, -6.20396722242e+12, -48545.0810858, 13654.0278964,
3.01698834109e+11, 5.51262672935e+11, 4.16228777396e+12, -17709.9418082, -3452.61979528,
6.51577096059e+20, -5.17291857797e+12, -1.28717680209e+13, -31787.8867668, -1872.37961972,
6257.76345997, -3.43734959081e+11, 9.36507719583e+12, 46802.7938835, 42377.4368809,
7.94633517745e+12, -5.61584766981e+12, 1.33025890677e+13, 14703.7057831, -7600.89501508,
7.92348617904e+24, 4.79808065706e+12, -9.11642795473e+11, -22194.5912749, 10998.0397879,
1.37570806973e+18, -1.10148116932e+13, 2.31966701458e+12, 7146.55181757, -1333.45394853,
1.86197581633e+26, -2.80395452083e+12, 4.59845098693e+12, 23795.2332799, 44645.3610202,
8.53609390817e+20, 8.65957283531e+12, -9.41879452049e+12, 42035.5172466, -9811.11667598,
6.01217927176e+12, -6.26038953052e+12, 5.0226968048e+12, 27561.8511608, 28061.2233674,
13159.5223649, 2.33085347624e+12, 6.90836063569e+11, 29784.1832899, 18042.4517449,
3681827828.79, 8.740346569e+12, 1.03251522629e+13, -42337.9319202, -38477.1925676,
4.52842793607e+31, 6.37392547749e+12, 2.49546494958e+12, -8677.931968, 41557.1558268,
4.32462398572e+13, 5.70510735654e+12, 1.07806254017e+13, -49633.3585624, 18394.6447675,
4.20947830708e+31, 9.99628889479e+12, -6.91100918655e+12, -16570.2864518, 40680.4596569,
7.13071572631e+31, -5.76744340899e+12, 2.40869620211e+12, 8076.48310515, 8984.90834713,
342010.299575, 5.87510587672e+12, -3.77734546516e+12, -23454.2085214, -12491.1458707,
1.3019379581e+17, -1.2623232565e+13, 8.02906300712e+12, 27377.1445965, -35949.8094532,
1.58427882567e+30, -6.51825063631e+12, -2.80057895295e+12, -22201.143898, 9286.08995247,
2.35166291681e+13, 6.30533815039e+12, 8.09757836749e+12, 39283.9586019, -37601.1882647,
1.90875969227e+18, 1.30698090309e+12, -7.9245130753e+12, 25696.7013871, -46357.1629365,
5.81730440595e+27, -1.24708372904e+12, -4.95466288015e+12, 49268.4549362, 33668.3269758,
5.58183130601e+16, -4.02022354616e+12, 6.98879651791e+12, 3238.33854197, 4507.57295872,
1.28178103331e+13, 1.02483762928e+13, 4.70366404217e+12, -12206.9725918, 26146.7406354,
53622343382.7, -3.71785077475e+12, 1.0276581406e+11, -48129.3893464, -45680.5353072,
2211732.59261, 7.74007374077e+12, 1.31478362391e+13, 36346.7592574, -26105.2683288,
2.77906881705e+12, -1.18475569433e+13, -2.89715228786e+12, -49510.0267971, 35946.0619975,
4108028.25267, 9.77232642903e+12, 3.14563028277e+11, -15717.6248548, 49672.9511446,
14825.6690056, 2.80355196235e+12, -6.0662435318e+12, 13573.2417313, 19682.2229313,
4231.27862878, -1.17985110944e+12, 6.36868853132e+12, 11628.2107468, -14878.4008056,
125757103.116, 3.0770506989e+12, 1.16921666645e+13, -14887.0042502, -49600.4010546,
2.97359629599e+29, 1.07010959262e+13, 1.18241450498e+13, 3608.06817373, 24294.5563228,
48.8828808779, 6.10265492227e+12, 1.13918704026e+13, 9573.65439465, 11335.5828864,
1.9655217321e+27, 4.82011848597e+12, 1.36975091913e+11, -49238.2253491, -43671.4264203,
1986834626.86, -2.94338207008e+12, -2.84146526422e+12, 24383.9157243, -45239.6188136,
3.99506380352, -1.15097711929e+13, 8.39818599376e+12, -43504.1981712, 19893.6980217,
326460048.237, 4.57099342946e+12, 1.1385158686e+13, -19630.8550429, 28528.3574013,
1.43954454942e+29, -4.61167772397e+12, -9.41121596936e+12, 33228.0346648, -32363.2455755,
2.97363085132e+19, -4.33815877338e+12, 8.14864184062e+12, -42548.7634838, 25820.7763834,
355.096214442, -1.31119736874e+13, -5.54165267418e+12, 34863.1306598, 44074.2260157,
4.74240034569e+31, 1.20706253427e+13, 3.90048512728e+12, 17780.5469836, 11817.0021454,
682.909107107, -1.14983099376e+13, -6.96672836243e+12, -16078.0563477, -12035.9464891,
1.40776863117e+18, -1.1224030558e+13, 1.7274228559e+12, -49567.0376211, 29679.6768044,
7.46146931627e+24, 7.84039942904e+12, -6.5554074721e+12, -8637.83106141, 45470.4293914,
1417.64425259, 1.11564233854e+12, 1.10064653789e+13, 48438.8429938, -28952.1262047,
16172658697.1, -8.08215635468e+12, -9.94153582199e+12, 47928.7831795, 957.333127572,
1.31840988753e+19, 1.03658351524e+13, -5.03875784519e+12, 32510.7412016, -8245.38574321,
4.66803438681e+15, 1.33937689207e+13, 6.97812862125e+12, 37184.7830993, -20602.7778368,
5.08494319607e+30, -3.96034686032e+12, 9.78791159384e+12, 29534.9780662, -9571.99987438,
24371.71308, 4.33706044768e+12, 7.15668949485e+12, 17394.6236482, -26568.8012111,
4.07620532717e+20, 1.07636296487e+13, -1.25610522877e+13, 15150.1584598, 45616.2626718,
215052890.935, -4.60494428046e+12, -1.20809737131e+13, -49243.9273701, 44628.2179692,
158769.809111, 9.39329404108e+11, 7.84518641359e+12, 49994.594896, -23889.2361082,
10307074350.1, 1.38627143019e+12, -1.0871739136e+12, -37908.3132158, 20613.1363635,
5.39584538877e+21, 8.53919916769e+12, -7.39440716945e+12, 44418.1265657, 34278.5046006,
6.26864547952e+25, -3.27051552417e+12, 7.23024554885e+12, -37386.8588594, -31647.0152595,
1.01976350234e+23, -1.18774184454e+13, 1542915257.66, 39149.2441006, 48199.710114,
2.52563912611e+13, 2.2417724657e+12, -5.26017756163e+12, 24682.0888018, 18966.0139513,
5056.09196334, 4.6161326519e+11, 1.25749308212e+13, -7373.76801845, -5010.59681065,
1141.97877346, -1.31728831475e+13, 6.78047587656e+12, 35602.7903572, 11826.2845331,
5.94618865583e+26, -1.29527850824e+13, -7.48692795384e+12, -46379.7458141, 21465.4848794,
5.66855694581e+31, -8.38981101197e+12, -1.11789306413e+13, 39475.2665869, -36641.2178608,
1.20602540578e+26, 1.33387380232e+13, 1.33796948756e+13, -14490.0722936, 3533.7379584,
1.88615970435, 9.76868886442e+12, -1.35220768967e+12, -2495.63367195, 2476.00185258,
8.40451771692e+31, -1.34401908747e+13, 9.94530203013e+12, -34502.322483, 16057.8773182,
24.3587812072, -4.06966078569e+11, -2.46901416008e+12, 4680.80852516, 11583.9634982,
5.35849028547e+27, 9.92532475358e+12, -2.07551082691e+12, -3177.94467838, -5722.21716359,
8.92667617502e+28, 6.0734693946e+12, 7.88817120624e+12, 10867.8823436, 26337.8170438,
332.39188425, -6.94771632672e+12, 1.60838557603e+12, 28011.3948528, -798.659554176,
6.16605151712e+22, 5.3868975935e+12, 6.54033251532e+12, -29217.5280114, -41355.7917957,
1.20728843042e+14, -7.31239956253e+12, 6.80828323061e+12, -12107.6410876, -40791.4809612,
2.53703676784e+32, -1.30133844282e+13, -9.8616576788e+12, 23477.6800064, 5299.98750529,
2.5653024436e+23, 6.38147756413e+12, -4.16868561779e+12, 33208.1000472, 30933.6620567,
5.58699843159e+30, -3.14451237211e+12, 1.14497023879e+13, 23940.4084196, -29423.2127744,
2.05566235654e+14, -1.06383261304e+13, 1.70884319634e+12, 49059.8607325, 48569.4851692,
8888030832.14, 3.89827452647e+12, 7.34109957784e+12, 3817.86069612, -15348.6182426,
3.51336646217e+13, -6.27173192559e+12, -3.68722809187e+12, -5000.31100869, -11847.5191375,
1.57974556358e+11, 6.14397983263e+12, -1.21490049252e+13, -25154.368995, -18609.5507756,
2.22605079495e+31, -8.67710224214e+12, -3.58280638131e+11, -44580.8010791, -7900.05815483,
9.52995589775e+20, 2.76375472806e+12, 1.07065973103e+13, 24185.4480242, -19718.4697248,
2.0554119713e+16, -5.60796063348e+12, -9.56482984982e+12, 17301.1510457, -20087.52573,
7.199124585e+25, 4.14680756924e+12, -6.23699262099e+12, 769.096681572, 13546.7077692,
9.97673080571e+29, 7.71158689113e+12, -4.8962648895e+12, -9663.89786093, 39577.2158676,
627867.934328, -5.27799901321e+12, -1.31407744433e+13, -43105.0611157, 43989.9747615,
568838.897499, -4.20916047761e+12, 1.01222106682e+13, 6905.58309265, 31918.3221999,
7.60297990054e+29, -4.89082037598e+12, 5.43737651868e+12, 48449.3371558, 41672.0537353,
256070.731562, -3.7808204337e+12, -6.81307245016e+12, 39059.1380619, -28517.7149165,
22152028081.0, 6.03328108948e+12, -1.09767201841e+13, -29980.5954349, 5625.7382678,
7.47212840236e+27, 1.29740441702e+13, -9.64230528033e+12, -6168.83974856, -16426.9044917,
2.78029855212e+22, -1.29423741528e+13, 8.84511826432e+12, -35072.4743244, 3108.51494392,
2.52553391923e+31, -4.73906498245e+12, 1.04492539005e+13, 72.05446334, -33022.5034055,
6.21488350656, 6.06510651852e+12, 9.62046752757e+12, 12220.6422547, -36942.573628,
4.57822249371e+19, -2.05786454186e+12, 4.28312370451e+12, -20824.1322206, 29119.0396208,
24054767.7293, 9.15966716368e+12, 1.22510322288e+13, -40169.0539036, -28242.8640126,
7881.53243296, 6.47353955489e+12, 4.38537428265e+12, 43170.1297819, 29747.5547756,
826.079585271, -2.98638420903e+12, 2.28345004006e+12, -26446.9764548, 36161.8261171,
6.66426759606e+26, -7.17805986893e+12, -1.07333020029e+12, 3164.94019641, 40739.1378348,
98871.0548375, -1.16825528286e+13, -1.2417038818e+13, -22372.6471027, -17987.2322501,
598010258.436, -1.19891734259e+12, 1.05399023445e+13, -22046.3481496, 19316.6454963,
4.12244220772e+21, -5.22271808939e+12, 4.84282803748e+12, -33617.6068871, -38322.2013119,
1.88227409202e+32, -7.84559421346e+12, 6.58501687272e+12, 15324.235406, -27288.2327715,
1.73325113411e+13, -1.305665616e+13, -1.16792611066e+12, -45841.0715289, -27860.4277441,
1.30019002718e+23, -1.3433951401e+13, 9.09001685711e+12, 44217.7044793, 11510.8325835,
15.3953141614, -2.13711939624e+12, -2.13409305012e+12, -38862.2087507, -29535.121589,
441.082457645, 5.96031404979e+12, 8.76072024342e+12, 17084.192661, -7265.96211285,
2.30955859738e+15, 4.2108829227e+12, 8.32110635743e+12, 14619.617717, -11078.3511781,
7.74073352938e+31, -1.04624019161e+13, -4.00840126108e+12, 6397.79197245, 16094.4930039,
4.84760895309e+21, -1.35917338086e+12, 2.01668842312e+12, -35495.6436524, -45576.1655716,
1978996.72795, -6.86048883775e+12, 4.96170111366e+12, 20065.4272963, 43795.7180238,
11614551.653, 3.81592687679e+12, 5.15081759925e+12, 44565.5303966, 15851.8355203,
2.80368833237e+28, 4.89499637744e+12, 1.32343791005e+13, 49349.5668229, -2550.07682867,
4177.94682866, -1.18569065073e+13, -8.92974555003e+12, 5279.553662, -49130.0146839,
5380427459.39, -2.3330659125e+12, -9.21117816487e+12, 27756.3061537, -31035.8814607,
138249084.246, -1.01726208137e+13, -1.46985226866e+12, -39534.3222838, -46951.8239181,
1.33636187967e+30, -1.05289431489e+12, -5.59338348782e+12, -13235.3831057, 10044.1400171,
8.67623538015e+20, -1.18380755279e+13, 3.2475145893e+12, 1543.12130256, -14936.2896859,
1.23569994815e+32, 6.55622817143e+12, 3.40098912583e+12, 46582.173658, 49774.7053887,
2.93661075001e+14, 9.1785953598e+12, -1.15180813189e+13, 20672.522658, -42159.6847874,
0.532985782363, -3.32117166082e+12, 6.28733105462e+12, -4441.92695447, 47563.7374671,
0.942822377, -2.86718391041e+12, -3.61754333292e+12, -11990.338992, -43832.6473225,
1.99078619257e+26, -1.02185542377e+13, 3.83528194219e+12, 28677.0905701, -34846.8091301,
2.45253580091e+17, 3.46153343993e+11, -1.02235633702e+13, -3753.53885464, -25798.8054811,
2.25760240847e+17, 1.86930080651e+12, -1.00255562385e+13, -15671.6379255, -27939.8738437,
3.60457472613e+23, -5.9765845324e+12, 8.74240969712e+12, -12556.5038163, 30185.8026899,
16404.8841855, 1.15187864532e+13, 1.2586717671e+13, -18280.4407364, -6562.79362069,
9.68722103128e+15, 3.18110723354e+12, 6.14681438918e+12, 16353.6450551, 49807.3522952,
1.03583252465e+33, -1.09529345793e+12, -4.2569555975e+12, 41076.1523727, -25382.3029413,
219.733329607, -3.37668559548e+12, 7.14891205371e+11, -42070.7101424, -12815.4005392,
1.19387456597e+30, -9.43233274512e+12, -1.44536843588e+12, 18260.8541503, 11006.7750184,
2.71954820534e+13, 1.11173599576e+13, 6.73579503782e+12, 17992.4418906, 48206.5100268,
1959910.17959, 7.04604747245e+12, 1.18756883901e+13, 40817.9159058, -14040.2901789,
2.76839175137, 6.65362722929e+12, -1.21800749382e+13, -48523.3647858, -4823.60553854,
1.68436578296e+22, 4.83859945647e+12, 3.29501072051e+12, -42901.7501856, 27988.1680368,
7.55793280057e+11, 4.27156286631e+12, 1.10430318236e+13, 14441.4876875, 34859.2761052,
1.00632069297e+12, 8.70739011958e+12, -3.53360940992e+12, -21102.4563123, 48813.0312289,
4.30827965992e+26, -2.84919049663e+12, -4.13992631688e+12, -44317.7331105, 38448.1610868,
16016367475.4, -7.08441482745e+12, -3.34815538486e+12, -42434.7753629, -14211.4259031,
8.17643527123e+29, -2.19637331572e+12, -1.06999679186e+13, -46986.732328, -18793.3629552,
6.5402066561e+14, 6.766823552e+12, -4.65163708521e+12, -39077.5088215, 15192.6922312,
2.40742707646, -1.1814315017e+13, -2.15020369207e+12, -43847.0534441, 33251.931506,
5.32554720148e+20, -5.88367217523e+12, 8.38815362694e+12, 48699.823912, 17216.7571295,
1.03693182279e+26, -1.07669052262e+13, 1.14079681514e+13, -6465.24135951, -6227.89427686,
1.89919209203e+20, -6.60148643202e+12, 1.36630141907e+12, -48247.0596127, -23963.9748614,
1.36856237921e+25, -4.00397873754e+12, 6.9022315371e+12, 13987.2015988, -20851.0055327,
1.99189879054e+11, -9.99865110834e+12, 4.06057847012e+12, 37306.7444401, -35237.5555638,
9.70080295555e+22, 1.67312069108e+12, 3.87887934829e+12, 46345.1086543, -4447.08335498,
1.64857356232e+33, -1.7281928666e+12, -1.26453465029e+13, -26192.996289, 14869.4695331,
74328868.3118, 1.3101282377e+13, -2.27767582879e+12, -46101.2770585, 36225.4525901,
66626971944.1, -1.22726786276e+13, 4.54138400964e+12, -20687.8722857, 9455.99095344,
823362.625598, -6.45497811874e+12, 1.32796757746e+13, 4114.79677168, 25050.3649727,
4.77388771838e+12, 8.1847658149e+12, -9.84248766997e+12, 43923.6627168, 24266.6482194,
6.37532381532e+17, -1.20966144564e+12, 1.11148771742e+13, -32732.6963606, 39740.1258021,
192717197.855, -6.84926092782e+12, 1.22674364237e+13, 24134.4183628, 34879.4356808,
10275.2847568, -1.29559879403e+13, -1.06126368458e+13, 3613.29184054, 38461.5570789,
1.26885128845e+30, 1.15282817366e+13, 8.16778468824e+12, -19753.8185613, 23897.0421338,
2588362225.61, -5.50850111281e+11, -1.31918366e+12, 45084.6502438, -32726.4263822,
2.4702955906e+26, -6.69386988674e+12, -2.28965206815e+12, 311.895019189, 46800.6592057,
1.14741944107e+27, 9.60324627772e+12, 8.7325038872e+12, -25015.7222308, -12297.2691272,
35422949.9296, -8.47108051517e+12, 2.07701403408e+11, -4047.80236189, 49462.4772324,
7409800632.68, -1.277527143e+13, 3.83695335753e+11, -22419.5314193, -35162.4794877,
1.68013789263e+12, -1.48888964846e+12, -3.93526639955e+12, 40358.0393504, 43244.5918398,
4.38134285548e+28, -1.03808966848e+13, -1.25602580715e+13, 9900.81010353, 33107.6446393,
1.50967581852e+23, 3.17551207896e+12, 9.92770684353e+12, -8428.17217916, -37114.0868413,
6936.8746228, -8.1106985452e+12, 2.31624880496e+12, 12134.0914563, 31941.6054216,
9.38808067852, 4.72545340039e+12, -4.82325114752e+12, -33726.0994588, 3.46348859129,
2.85867203931e+32, -6.63901894142e+12, 9.71360091512e+12, -12967.8353587, 22329.3415793,
1133.13372438, 1.01991977201e+13, 4.67254507499e+12, -35806.7980473, 9839.19611707,
24932.4544531, -8.42171203861e+12, 1.29928617611e+11, 45929.672734, -35560.932864,
4304163.40017, 9.59508918661e+12, -5.43317880495e+11, -966.006601086, 48048.0043121,
7571115.60403, 5.22091307171e+12, -2.63138177534e+12, 32914.6252731, -12877.3213013,
1.08935911271e+26, -1.20681359504e+13, 8.81746816235e+12, 15741.9655506, 1311.73852281,
4997345.37419, 7.70474804701e+12, 1.17306680764e+12, 37105.9196924, 879.577962055,
4.99588732628e+11, -1.06143848632e+13, -4.4403605321e+12, 44024.6509904, -4457.89534289,
6.50172000976e+20, -9.6667111954e+12, 9.13566731924e+12, 5167.39628359, -5878.67515773,
41105367.4229, -1.11753787456e+13, -6.97458815674e+11, 9793.75198208, 34494.3303967,
8029942.99106, -1.33229064102e+13, 4.64634065028e+11, 40648.4443027, 2184.75440004,
4.98201794801e+23, -8.07871366287e+12, 8.36812227397e+12, 13495.9689584, 36016.2743642,
8590613.5865, -7.27002243904e+12, 5.53778896807e+12, 32331.7221306, -40241.8158112,
2.26681571122e+31, 3.22616153562e+11, 4.25010262315e+12, 16422.3479306, -26096.9293953,
1.462608984e+27, 3.40658320952e+12, -5.81169978268e+12, -35794.9713547, -4966.77065662,
4308463719.61, -1.03196986574e+13, 2.92163357619e+12, -20882.1279785, 31657.170224,
8.86362487407, 9.85362799668e+12, -1.02126891336e+13, 29122.8184265, 38005.6691956,
1.31280308171e+15, -8.28323169934e+12, 1.27705534155e+12, -39971.9035494, -3384.17236858,
219199550.602, 3.22032002233e+12, 3.7793454415e+11, -33106.388497, -22515.2474154,
7.9505894838e+28, -5.33940678375e+12, -1.30736770721e+13, -22854.2465299, -25164.2270895,
3647844704.99, 4.81767544912e+12, -4.29631997661e+12, 3435.39086798, 15513.1648972,
3.01957136209e+31, 6.95299977238e+12, -1.15098255861e+13, -19997.3179944, -744.271847921,
2.12156104977e+27, -1.23059912457e+13, -3.60194801072e+12, 35693.7322484, -16204.0038772,
30741.6770283, 1.20031081146e+13, -7.94342172659e+12, 42649.662236, -42705.5502872,
6.48861084258e+27, -5.29790034741e+11, -7.26459157747e+12, 5850.95465348, 3904.0665236,
5.18152524787e+14, 5.23044850919e+12, -1.03375109336e+13, 22524.0359064, -32843.5356466,
9.43306344312e+32, -1.22224868025e+13, -9.15085505739e+12, 27695.9424773, -14561.8545477,
9380288.41164, -1.19443813943e+13, 5.73379269858e+12, -24034.2856627, -24605.5006485,
1.77707504411e+33, 3.25742571075e+11, -1.2147433267e+12, 16837.4465417, -39316.0897379,
8.72691925101e+30, -7.70780911007e+11, -8.43467701886e+12, 36635.604882, -26717.3897542,
4.89760697861e+20, -1.29756406898e+13, 9.35148545537e+12, -25075.2392326, 47746.4017902,
8.91767801168e+11, -3.28792318082e+11, -9.56076366183e+12, 33995.1437643, 15668.5044744,
266.557240365, -7.91803958694e+12, -2.78920000172e+12, 2683.95190435, 29957.1076671,
602.349234443, 2.22728876949e+12, 1.23783055864e+13, -11814.9687117, -5394.09134847,
4.98588715578e+16, -1.08499409165e+13, 6.68906545616e+12, -7252.20888717, 15631.6619443,
677.002307179, 3.16689902428e+12, -5.54919233751e+12, -10257.9222205, -24815.7036038,
9.33960686407e+23, 1.08702248025e+11, -3.02241140571e+12, -39452.7341815, -47243.1554116,
1.39981308885e+24, 1.21932371545e+13, 6.60002556233e+11, 32674.129999, -45911.5368692,
1.52506253819e+27, 7.70396219435e+12, 2.22121504944e+12, 45410.6261632, -28841.1057452,
8.53621877863e+26, -1.0538104705e+13, -1.05811444934e+13, -27902.243667, -42205.7906624,
2.62715463556e+19, -3.54510515657e+12, 8.43133373772e+12, -32395.626794, -45075.7782811,
1.76028827727e+12, 4864888154.67, -3.17640463746e+12, -33239.3840897, 35304.3428053,
1.40323773218e+22, -9.96302382092e+12, -2.98684889504e+12, -7166.72219081, 39997.7460168,
11.0775074761, 4.89546429028e+12, -1.32363053752e+13, 4293.76572676, -22548.0772502,
66819429.779, -7.06370562019e+12, 2.75597561027e+12, 36860.0574917, 11974.2475404,
6.04406840741e+14, 1.23315326486e+13, 1.29104787553e+13, -22993.7177937, -30105.6180115,
5.74697486961e+26, -1.09110393818e+13, -7.00309902184e+12, -15941.7540897, 49415.1926767,
1.02996057219e+16, -1.34379810706e+12, -1.23097493754e+12, 15848.1359873, -36733.3157365,
1.34651063506e+25, -1.76217134792e+12, 1.17475938526e+13, 28727.9203729, -46941.3958438,
7.90146699196e+18, -9.01457798936e+12, -2.99468208587e+12, 30547.2897423, 37726.0013701,
3.37661049788e+31, 9.04194580175e+12, 1.19285295486e+13, 38808.8426794, 14722.1145312,
5.96180058008e+31, -6.03450997827e+11, 4.00555671037e+12, 41798.8530904, 40280.290581,
9.22500495264, 9.07413455126e+12, -2.76297563793e+12, -35152.3325209, -3640.14359876,
5.73692696652e+11, 4.55126813284e+12, -7.73612462935e+12, 9125.70515654, -23926.2508253,
205.536282719, 7.05364227408e+12, -1.2961063088e+13, 20330.606963, -6378.49526205,
4.57590373836e+31, -1.08890352503e+13, -1.15942208661e+13, 23957.5865383, 29121.8329173,
101.686137335, -7.21254134623e+12, -3.61529098794e+12, 45023.9607628, -14968.6552328,
1244220917.43, 4.58175105465e+12, 1.31485243291e+12, 18883.4800137, -42288.7372134,
2.56529583724e+23, 1.17565189679e+13, -4.16045145065e+12, -24280.8372581, -34474.9069959,
10800108.8964, -2.00695588914e+12, 6.4435414042e+12, 12724.8011679, 9697.81835603,
2.27124227058e+14, 6.65861393591e+12, -8.23257855352e+12, -29215.058186, 45358.1794914,
1.38833914237e+20, 5.47469944144e+11, 1.54655443588e+12, -48294.9380446, -17468.1480478,
7.71053704208e+27, 2.5353954784e+11, 2.3579516558e+12, -28068.7117563, 17901.0092667,
10598660656.7, -9.98252038833e+12, 6.73427181242e+12, 11343.5556815, -4899.6863095,
2.60401411632e+29, 7.90686833306e+12, -7.4857039966e+11, -40562.1789168, 45814.4800029,
2.81561519381e+17, -4.51108555041e+12, 7.15749736656e+12, 23710.4751239, 40577.4823609,
1.39766390304e+20, -1.23420549841e+12, -3.72871361783e+12, 39912.3924648, -1888.52159987,
5.43968860568e+20, -3.06135966721e+12, -4.13602680296e+12, 37865.9747473, -13380.4089993,
58698025.5111, -5.40050374448e+12, -1.27890079032e+13, 14820.2002284, 4071.41914603,
1321198315.76, -7.20062272763e+12, 5.22060868748e+12, 21416.6096514, 41402.6568986,
2.53585306656e+23, 7.365243039e+12, -9.23413581832e+11, -27389.4942035, 26945.0599144,
20822.4468213, 2.68294046226e+12, -1.26764377464e+13, 5300.03429767, -4692.73980204,
1.81477514199e+18, 7.61365452428e+12, -9.98877579262e+12, 43409.5488622, 44711.0144533,
1.39781550962e+16, 1.47682762237e+12, -7.66115058788e+12, 18740.4274295, 40370.8542221,
1.52684418202e+17, -4.77840468228e+12, -7.45798184327e+12, 14479.0604313, -5213.89246305,
5.89539114052e+17, 1.14722747481e+13, 1.20669198614e+13, -2647.50417322, -39053.7114989,
4.75297324729e+11, -7.95029140237e+12, -1.22971559625e+13, 14955.6911979, 24274.9047891,
2.24206312887e+16, 6.12953473308e+12, -6.80489013886e+12, -36696.9227775, -2038.09512709,
3811.42045272, 6.52299164983e+12, 4.65071582773e+12, 40310.583075, 36386.6533273,
4068993.61546, 8.18918110301e+12, -1.26425376688e+13, -46523.5321015, -44781.5017478,
2.32940157549e+29, -2.23405500102e+12, 6.48558574582e+12, 18841.2556888, -36259.5872244,
8.52496399898e+28, -3.98624421706e+12, 1.07828541707e+13, 39806.1385884, 39013.1240601,
9.0760797404e+19, -3.00853469133e+12, 1.10186948787e+12, 9114.47470322, -10818.9789282,
1.69066572533e+31, 6.09458587808e+12, -1.52815746235e+11, -21410.0074007, -282.708708151,
1.19806179006e+28, -4.80431557736e+12, -2.52651052909e+12, 21980.9608439, 41137.5006826,
5.07433236995e+13, 2.14814586279e+12, -7.22923534831e+12, 20336.0773184, -12249.4777994,
19047581174.1, 1.09481962774e+13, 1.52792815442e+12, -20311.0782183, -1297.90089999,
8.30162876645e+19, 1.23082920122e+12, 8.32314770093e+12, -20101.3556907, 30514.7880702,
7.59962701017e+23, -2.55389080265e+12, -1.16110496374e+13, 49354.9601082, -34328.1784999,
1.06205245946e+20, -3.0839868712e+12, 5.97526578513e+12, 23329.1698657, 17536.8939067,
8.63967378273e+19, -8.24650485388e+12, -4.52935118196e+12, -12252.1415479, -9714.84140186,
295126.819147, 6.42150795441e+12, -9.92359563352e+11, 14181.1609325, 23060.1981295,
64004282.257, 8.728269841e+12, -3.115806408e+12, -10162.7413073, -23201.5010849,
2.50323572301, -1.10684034025e+13, 9.18082366573e+11, -18569.2326563, -12392.2810111,
1.69150921207e+28, -4.24020562849e+12, 8.46302029938e+12, -45.1751678294, -32960.424311,
0.482791400249, -1.80817075165e+12, -1.02322190208e+12, -37367.0256124, -34500.5659596,
646.746263941, 6.77815723905e+12, -2.35556706198e+12, -45433.86655, 34376.9544746,
6147841.21493, -5.50165371507e+12, -3.76397178297e+12, 9232.69973511, -11025.0664504,
6.57497580442e+29, -3.0316522125e+12, 3.17853449383e+12, -15292.736955, -25278.2343228,
3211353523.96, -8.38504439914e+12, 1.16020039206e+13, 11440.9928756, -31905.7051999,
7364.60507084, 1.3361968324e+13, 9.66536053033e+12, -13028.5641389, -33440.4664656,
3.51163930916e+18, -6.69752673161e+12, -5.81959357172e+12, -12001.5747147, 20954.0539345,
227217009.236, -2.25940110981e+12, -1.0108084893e+13, -12782.525439, -11735.0325211,
2.77657583665e+28, 4.48064084199e+12, 1.32806325537e+13, -21288.6145971, 47275.103744,
412386.468437, -9.1223563565e+12, 1.02793524443e+13, -18116.876205, -39760.6877153,
0.78390510664, -2.8835052822e+12, 1.34098317548e+13, 18445.5515319, -12973.5628292,
6.0180418515e+20, 3.43398479937e+12, -1.14012355898e+13, 32153.4391213, 46035.6784962,
1.06076789989e+13, -1.63041730138e+12, 1.12920646612e+13, -20652.3851948, -21140.5954749,
8.9908536292e+28, -1.30964561498e+13, -8.82268153738e+12, 19484.9344454, 7917.49214103,
230820.755972, -1.47164566905e+12, -4.82645290882e+12, 39808.8394371, -7701.49760041,
2.23706162175e+20, -8.1446316653e+12, -1.26341431129e+13, -37218.4898789, -6155.92172581,
4.38843141357e+26, 8.00270347794e+11, -2.85826019021e+12, -49410.4111491, -47734.1792047,
8.43390301134e+27, -7.52240937042e+12, -1.07289099886e+13, 20297.5866592, -15080.6611629,
9.46555767412e+16, 2.3969977741e+12, 1.53599457103e+12, -32347.4735785, 10202.9205036,
2.97371375305e+29, -1.1063480123e+13, -2.71612985296e+12, 7788.63704153, 15953.8397925,
3.60387867824e+28, 1.3114282235e+13, 1.87501824162e+12, 7695.62020123, 43376.743168,
6.67558346656e+16, -9.42171069559e+12, -3.07514973848e+12, -5693.25553787, -5469.49697912,
