# mass, x, y, vx, vy,
3.5195733799e+31, 9.40943489052e+12, 1.00637746942e+13, -40470.8161174, 45643.6131742,
8.49406652212, 1.21900710626e+13, -1.66864083154e+11, 2658.06804389, -19136.2542902,
8.86497555811e+15, -1.1844052764e+13, -1.04460071556e+13, 18997.7447894, -41654.2668833,
767565.640824, 8.74202776572e+12, -3.6469406722e+11, -31696.7313333, 28111.0994764,
3.73447071097e+33, -1.0225824951e+13, 1.26614912365e+13, 3175.03238502, -23234.5801245,
2.69347063665e+27, 9.92427111703e+12, -2.02615484254e+12, 3062.34456094, -12689.2043008,
2.07783366764e+23, 1.13509552983e+13, -7.75779761322e+12, -29819.7746385, 12116.805523,
5.03300930881e+33, -1.31399719693e+13, -7.50134793568e+11, 30705.2397953, 33216.0197939,
1.73979530175e+25, 7.71590947159e+12, 8.49480360771e+12, 31838.610046, 22016.2004977,
2.1789133448e+25, 2.16861565828e+12, 5.11687156142e+12, 42689.197209, -11206.8094672,
21717.9934587, 6.31315888969e+12, -1.22854735063e+12, -4335.88231982, -44942.0436714,
23169343.1734, -1.22160277927e+12, 1.88077955249e+12, -11445.2483811, -24251.1028156,
3.41765036473e+32, -1.12357259665e+13, 1.10775528093e+13, -35744.9778484, -39379.8438803,
25383072873.6, 1.00265073972e+13, -7.8835934448e+12, -47826.4208392, 6971.16041019,
1.32791053263e+22, -3.19402291832e+12, 4.37840502099e+12, -15226.2037125, 22054.0697813,
24008961109.6, 2.31962284985e+11, 6.54795170884e+11, -13597.7649228, 7355.58463638,
1.7714761406e+16, -2.0717806306e+12, 1.00573428214e+13, -5645.12180774, -39951.2081275,
2.79173403093e+23, -7.22251493112e+12, -2.03885335384e+11, 8724.83823532, -28801.6383182,
47654.979379, -8.41748324356e+12, -2.54974902218e+12, 40750.4014313, -11334.8524025,
1.1320094749e+15, -8.22290976495e+11, -2.06858322511e+12, -3467.1921926, 15489.5509782,
2.63194387566, -9.71068451258e+11, -9.59029843766e+12, 43935.6137613, -31642.1212459,
2772892.27375, -9.2327354055e+12, 7.26533930013e+11, 31245.9401904, 24416.4948196,
1.36784500557e+24, -1.13358122498e+13, 1.12189716283e+13, 8089.1052154, -48550.4953576,
2.51689888015e+33, 1.28297779289e+13, -1.73329501846e+12, 10143.4072388, 9134.8113913,
2.16268120428e+13, 8.59263739635e+12, 8.70131315904e+12, -32925.1717568, -793.561982429,
6.33322099785e+29, 1.39776818082e+12, 1.21744039263e+13, 44141.0727151, -20356.2393391,
60965791.8965, 1.07490673207e+13, 4.88493015756e+12, 9572.76518247, 26683.7165167,
3.00384740588e+26, -6.1682199145e+12, -7.26948850305e+12, 17303.9118636, 17250.612008,
1.61230007126e+14, 2.14276725812e+12, -1.08786279626e+13, 38385.9615318, -19477.1802838,
5.24028518956e+33, 1.01019696584e+13, 7.12910941774e+12, 11121.2175528, -9898.59290068,
2.71847522321e+27, 1.5300759446e+12, 9.77190428728e+12, 20232.276246, -4148.52594644,
1.1691449126e+15, 3.84755799645e+12, -1.86124714406e+12, 8272.40518765, 26955.7764665,
3.08689477164, 9.18098270407e+12, -2.48256408869e+12, 27217.5849767, 18959.5183759,
1.43653250289e+22, -8.02370360306e+11, -2.08944782132e+12, 3740.44185955, 44830.9225647,
122056.170361, -8.89804495587e+12, -5.10839741882e+12, -19529.8538033, -10255.010257,
0.0970562004323, -4.21753957989e+12, 5.30404103159e+11, 11791.2428844, 43560.1076533,
4.74417026647e+14, 2.57934910525e+12, 2.61388875835e+12, -16482.6820324, 38920.8411304,
1.3738200802e+19, 3.8210364477e+12, 1.01411694642e+13, 12680.1795356, 37124.9807233,
1.11580333979e+33, 1.26442960584e+13, 9.79630020784e+12, 28842.6959642, -11729.5988524,
9.23524132563e+20, 7.13008309811e+12, 1.22709861953e+13, 21072.6482399, 23411.1330614,
3.18629652658e+15, -1.21901916639e+13, 1.0587684035e+13, -7531.05457779, -22323.929586,
2.26159029469e+15, 1.78376544002e+12, 1.25883051875e+13, -31956.9215821, -8439.49263743,
2.30202485342e+27, 1.21508165447e+13, 3.32844442937e+12, 13675.3931553, 20448.7371106,
5.6674724027e+27, 3.27304276442e+12, -4.87162841406e+12, 38449.6367767, -33011.6052309,
2513674246.79, 3.27595270865e+12, -1.19214847457e+13, -41639.0256098, -12557.865811,
7.08472221993e+30, 8.61857820728e+12, -1.02718191874e+13, -16660.1855676, -27115.5135728,
51854307.3163, -5.38798658374e+12, 9.62795975983e+12, -7535.47972019, 22414.2718228,
1.81969321241e+25, -1.2286173694e+13, 1.13644390726e+13, -48581.1190382, 48063.387898,
1.08010627016e+16, 5.3798225453e+12, 1.29919586875e+13, -28103.1236066, 48950.9134818,
1.76855533882e+12, -1.50690786979e+12, -4.43623868554e+12, -46170.2052949, 12969.3879828,
7.47622685595e+12, -7.76266635997e+12, -9.38761753963e+11, -11838.38892, 29642.9298183,
10639476752.3, -3.28225894383e+12, 4.90026651326e+12, 48159.1110098, 33800.3556648,
1.28159936708e+28, 3.69644945415e+12, -7.23869308228e+12, 48221.8198915, -38625.0527576,
1.43500174504e+14, 8.19866235569e+12, 3.6989096055e+12, -28203.8773485, -20385.6589997,
3.25699129847e+23, 4.52418673825e+12, 8.44673059898e+12, -5725.7176534, -9905.51386608,
665137.234478, -2.68688313164e+12, 6.20691907721e+12, -37882.1455542, 6041.5287681,
9.97173002316e+27, 6.08366975802e+12, -1.99801399302e+12, -4394.5807773, 32046.0264604,
8.4908723412e+13, 4.41047140693e+12, 1.24600271095e+13, -19573.8877884, -31052.1513168,
4.26158170759e+25, -4.59353740187e+12, 7.55499604137e+12, 43109.2922986, -21530.5213791,
5.40374464223e+22, 3.40724492446e+12, 1.07176118061e+13, 22239.1055069, -42996.2947621,
1.05631820007e+33, -3.55519727426e+12, -3.00348264276e+12, -44279.9905906, 41120.7490383,
3.60687583013e+32, -1.0510159019e+13, 9.75364136252e+11, -49407.3389751, 47031.4319792,
1.81342449495e+11, 1.12492007736e+13, -4.1130195413e+12, 2024.82368927, 40269.7735358,
2.21791669293e+12, 1.14619372035e+13, -2.89719239021e+12, 16574.5589634, -41848.9759546,
1.47434438404e+12, -2.75766835801e+11, -1.32480999471e+13, -7304.85311754, -32644.2654654,
5.04682008066e+17, 9.09496591855e+12, 1.86305142237e+12, -188.677646329, -47217.1739154,
4.88651173734e+32, -1.08769245248e+13, -1.12230383801e+13, 38787.6461388, 14824.2851986,
2.63970505377e+17, 3.1025035176e+12, 1.10447158252e+13, -12757.7439498, 17692.4863432,
6.31268884249e+28, -1.23207590047e+13, 8.5979163681e+12, -19075.8954766, -12135.966382,
1.29935402778, 4.53999298115e+11, 2.70662291525e+12, -9898.68811774, -31741.777414,
92022169.32, -6.69353394879e+12, 83673546730.2, -20911.6398567, -1129.94426316,
22645809.302, -9.99864452101e+12, 5.15070766097e+11, -46957.2999398, -34812.5040715,
2.75119680178e+31, 4.63612630125e+12, -5.82445290007e+12, -23769.6076137, 5666.75368874,
9.69210767601e+27, 4.22186135698e+12, 6.3815432388e+12, 29206.1436616, -23328.1903151,
1083845.44417, -1.07668333689e+13, -2.4539176209e+12, 11184.7668983, 39112.5968516,
3.36601827745e+14, -1.05983187628e+13, 7.74753442558e+12, -19303.1272356, -27412.4534175,
7.97249616995e+22, -8.80034314498e+11, 6.03410109748e+12, 10932.1453766, -32919.2278589,
327910156.964, -1.53820962385e+12, 6.41390451671e+12, -12790.0117586, -20432.9298101,
2713872.09023, -8.76237694696e+12, 2.78981639059e+12, -27300.9002746, 38682.3868816,
987167089.785, -5.98038782667e+12, 1.00300694538e+13, -23277.2137085, 29129.4210869,
521009.695675, -5.86423332114e+12, 1.33382552588e+13, 34766.1262239, 23749.5677154,
3.52695936696e+16, -8.87540396584e+12, 1.31767654822e+13, -45660.5128323, -41863.087631,
6.70146690766e+11, -1.20943980242e+12, 4.12952339529e+11, 14049.560565, 8791.04380749,
1.19336648039e+13, 2.78927068078e+12, 6.90127096406e+12, -47062.6291777, 46289.7251223,
8.14938955891e+25, 7.01969779658e+12, -3.7057919068e+11, 17489.5727519, -4336.43940204,
133164791.97, -8.3269225709e+12, 1.490475114e+12, 35587.3536917, -23397.3427476,
1.92101867144e+31, 1.33185108385e+13, -9.31479227546e+12, 8113.89182387, -13088.696333,
1.69358982238e+22, -8.57713265529e+12, -7.96313210279e+11, -13711.5250919, -3719.59094697,
1.8699364201e+28, -2.91984802253e+12, -1.07654262131e+13, 40260.6963564, -28162.6913875,
22071.2222088, -1.31298796807e+13, 5.73842853519e+12, 6135.98589998, 36967.5451465,
1.36922958277e+12, 8.33659354122e+11, -4.40739348227e+12, 28410.4283722, -20543.9325458,
1.48164564082e+19, 1.17403669219e+13, 5.1401102435e+12, 3857.88368978, -23498.508231,
4.85538121822e+19, 1.18151899217e+13, 3.47149343658e+12, -32900.6582376, -15161.4697299,
14304342474.7, -1.19552682354e+13, -2.98977231974e+12, 42894.4251278, 11161.1367109,
6.84447207772e+13, 6.13375967603e+12, -35434256708.3, -2514.26173817, -42005.4276979,
621.903415742, 7.09296584014e+11, 1.02296022064e+13, 15977.534744, -12246.7414304,
933322.234178, 9.22805007244e+12, -9.14301707847e+12, 20148.341848, 6541.64593867,
8.54764045901e+30, 1.24098757644e+12, 1.09560525295e+13, 31270.1312834, -49870.935758,
46903996127.0, 2.78787423797e+12, 1.18209420827e+13, -35540.4443743, 16928.9887179,
154122492.866, -5.2098613825e+12, 6.70536911248e+12, -45759.808971, 4538.78029272,
31755691267.4, 9.27359845559e+12, 1.8001208895e+12, -5341.75452848, 48528.4318408,
1.13803823655e+29, 1.23421676733e+13, 6.88499181334e+12, 11492.3899086, 39348.29811,
1.08243625716e+14, 6.42783068315e+12, -8.47518200717e+12, 43870.010566, 10150.1504645,
5.72936708757, -6.89249683065e+12, 4.31010233778e+12, -37336.3307064, 24705.3851399,
570983.013359, -9.85001478778e+12, -6.0195297879e+11, -5872.06506573, 47504.6507791,
2.78115909407e+14, 1.21406332849e+13, 2.47345274269e+11, -39185.1124205, -8664.68379945,
2.82502881452e+21, -1.97171759793e+12, 1.21501682295e+13, 13571.9318763, -24925.5267362,
1.77023755509e+14, 9.91672578463e+12, 3.4246956073e+12, 28376.6013513, 32703.6375519,
1.70028963044e+12, -3.59428075972e+12, -4.90827477664e+12, 35670.7400578, 16940.2333682,
2.7767044212e+17, -1.22836575241e+13, -1.25679499111e+13, -40473.2271226, 15886.5939336,
105964315.777, -6.14484980585e+12, -9.65122968467e+12, 4063.46858933, -29370.3599696,
2.71660569923e+19, -2.03387480597e+12, 8.27075275829e+12, 22430.5358745, 46028.827055,
9.07860550079e+16, 8.56715135852e+12, -9.09572111418e+12, 20349.6661931, -17703.4913512,
1.33607860795e+11, 4.26715520313e+12, -8.5695701599e+12, 44711.8392144, -5827.60923689,
4765378.5878, 1.12015919939e+13, -9.79517829108e+12, 21854.5236709, -3951.66621282,
1.69241118681e+31, 1.03077544045e+13, -4.4778615918e+12, 31127.4751035, 7037.98756845,
11375641357.1, 2.09375355398e+12, 1.51391309196e+12, -19116.563394, 9802.89860834,
452143.88298, 6.50505768653e+12, 3.86660377632e+12, -26272.9460797, -43191.6993887,
3364651.23789, 9.1783229594e+12, 6.8940882857e+12, -13972.4460067, -38340.3331119,
6.56848567081e+25, 1.75237929874e+12, 8.52960542224e+12, 43737.8855331, -14456.1726588,
2.27438129529e+30, -7.9999138455e+12, 2.98925257511e+12, 28543.992736, -7828.38371413,
6.2608979826e+21, -5.77427748696e+11, -9.63886724385e+12, 21682.0775885, 10812.9296711,
2.9157804738e+18, -1.09144939037e+12, -1.23029546521e+12, -21629.6948187, 33698.1268607,
5.66176653062e+16, 2.19547530051e+12, 2.9627219029e+12, -42052.770224, 32471.4173967,
3.74195010205e+12, -6.80491721802e+12, 3.67155326065e+12, 23232.5067225, -8994.41539114,
2.54857036143e+27, -3.83735431118e+12, -6.96056361912e+12, -25543.5550525, -19386.8725887,
6372.84888925, -3.98920194878e+12, -7.76649959007e+12, 2906.7522109, -44148.2433862,
1.56444950559e+12, 2.03716291828e+12, 7.01935576826e+12, 2449.9601348, 44291.136001,
2.88528011688e+16, 1.91144618607e+12, 2.30319172869e+12, -3563.74538954, -9674.14018411,
2.15697507222e+20, -7.68875683684e+12, 1.41309429547e+12, 1445.72396294, 21518.6197701,
3.88097278254e+20, -1.25788355783e+13, -7.79673914291e+12, -13702.0734369, -42697.3206557,
1.69635187332e+11, -3.50672173816e+12, 9.4735118757e+12, 24532.9388051, 25545.5918265,
2.74036766064e+21, 3.52114787095e+12, 7.48187383551e+11, -31122.4124381, -45237.0341813,
1.11128971248e+32, 3.85015643598e+12, -1.02420733799e+13, 8635.57662716, -13334.4896673,
2.35568692649e+30, 6.2439166463e+12, 2.95877192644e+12, -38090.7680216, 5993.5005761,
2.27997318202e+33, 4.53364756078e+12, -2.69015770639e+12, -4574.85393663, -42015.2876187,
9.94837862719e+20, 1.00669226669e+13, 1.08470512164e+12, -43731.8170702, -13913.4857336,
1.1068844237e+12, 1.15107656567e+13, 1.03977924819e+13, -9447.68262628, -5097.80032167,
268.815215172, 1.1215011176e+13, 1.33514813075e+13, -49670.1687249, 32646.0302568,
3.38596307661e+22, 2.48351704523e+12, -9.26265201586e+12, -42483.9857796, -15111.5818344,
4.68205771631e+32, -4.09349547775e+12, 3.18362955648e+11, 8509.29266034, 24004.622528,
26836.4720492, -7.80209272708e+12, 9.77880275513e+12, 42408.043702, -21885.6303859,
4.03141743531e+14, -2.64828645531e+12, -1.07281464389e+13, 10924.8366433, -22346.8263023,
9.95723547437e+28, -1.00460078796e+13, -1.27804468532e+13, 35909.9551018, -25211.0685023,
1989719.93076, -2.64130975416e+12, 1.3777114632e+12, -20528.7281678, -7891.3049711,
1.67773875777e+19, -1.2267864146e+12, -1.13839626679e+13, 37559.9532211, -3644.6967245,
148638.089263, -2.27810038446e+12, 8.65889972232e+12, -35372.0654774, 22640.7688048,
1.5209814714e+31, 1.15056753198e+13, 1.05544314774e+13, 32757.0797013, -868.592944335,
7.05853138515e+28, 1.06686045976e+13, 8.77706272104e+12, -46642.398302, 8280.84299862,
4583279985.37, 6.37907046515e+11, -3.30876496285e+12, 41657.0965531, -40078.7130359,
13481036.6935, -7.96355918139e+12, -9.84456603079e+12, -14491.1819838, -38534.1293445,
5000673665.01, -1.82006201817e+12, -1.29106873713e+13, -33249.0518154, 45840.1671313,
3.4038923679e+18, 5.52220874662e+12, 3.29128840461e+12, -26274.2174261, 46871.7368914,
9.72498568782e+32, 1.03079699169e+12, -7.72129195571e+11, -6394.75181678, -36797.5427595,
2.77454201413e+23, 3.65573927401e+12, -9.66579079561e+12, -26776.6693437, -16356.8461205,
718.303475829, -9.65788152137e+12, 6.54042514825e+12, -29984.3030183, -19262.4495627,
74285616.343, -5.50950872108e+12, -2.11661738836e+11, 5235.80470905, 36798.1603442,
6.60061478631e+15, 6.67940138774e+12, -4.25624029247e+12, -22434.3110889, -22944.7625956,
1.14385015355e+23, -1.05016419113e+13, 4.78428481164e+12, 3350.69447594, 25017.0726969,
7.59546274317e+26, 9.55572411256e+12, 5.15811221436e+12, 18355.3446299, 14232.0612274,
8253887.87492, 6.77973799296e+11, 1.12534404909e+13, 25169.5267255, 16046.8667996,
1.32644467887e+18, 3.42133911092e+12, 5.94799906216e+12, 24847.0078807, 21420.6815053,
7.81044235128e+21, -1.06912979083e+13, -1.12724652814e+13, 23858.7748934, -16424.9913069,
2.03930017386e+23, 1.15359914316e+13, 8.08752665292e+12, 24325.4307647, -3196.9938264,
8.01032038139e+21, -2.86258032765e+12, -1.19743159625e+13, -16118.3466071, 23843.1305959,
3.25837500881e+14, -1.02351846168e+13, 1.41414246568e+12, -13549.5662792, 14093.9567085,
2.99188443155e+11, 5.18075202837e+12, -1.31906954134e+13, 33409.3827636, -39616.5068052,
1.1891672032e+28, -1.88830994543e+12, -5.75624862343e+12, 49441.0245827, 40885.9801053,
1.05245143265e+23, -5.37032646781e+12, 3.2613896473e+12, -19916.1536532, 5836.94913614,
1.1174079702e+20, 3.93363484303e+12, 4.57221392925e+12, 34050.5764589, 32781.7949404,
1.72331541478e+22, 2.19949509434e+12, -9.27001061085e+12, -43373.619754, 38084.9680032,
0.904070001581, 3.15506685002e+12, 2.05742118821e+12, -37509.2256914, 33086.96685,
8.96692493243e+24, 1.20545804352e+11, -1.30587750683e+13, -33148.0859558, 8913.89858756,
41.2502722164, 1.04573919579e+12, -1.02812123789e+13, 3283.38109991, -8125.4383428,
1.15929236133e+21, -5.23936314227e+11, -9.37148018774e+12, 24645.2483904, -20845.9463892,
3.61680273586e+19, 8.4799659848e+12, -1.02008699448e+13, 27217.3450369, -30879.6598793,
9.00911067959e+16, 2.73304399813e+12, -4.58415046644e+12, 23571.2656439, -37140.2615792,
29755306.3031, -1.02785275393e+13, 3.40762737003e+12, 544.452320858, -1788.14610288,
1.3689759533e+21, 3.29615035963e+12, 5.99354718177e+12, 37223.5909462, 9696.07215356,
1.11409045907e+33, 5.26741203511e+12, 4.62456548536e+12, 11751.2996443, -48016.206891,
7.15336306822e+27, 1.04249140477e+13, 2.79942815113e+11, 46205.8456556, -19684.9750744,
2.64554016953e+22, -1.02946951312e+13, -3.27916549908e+11, -1024.25559437, -9798.62814375,
2.02740842853e+15, -1.09579891291e+13, 5.4144748064e+12, 4914.36222674, -13008.930663,
4.6673318983e+25, -9.08696649028e+11, 1.84354988224e+12, 1298.69661023, -22847.5027235,
9.80102106181e+22, -2.15125359193e+12, -7.75303831166e+12, -21150.2743221, 12975.5556161,
1.40628850132e+17, -9.8464976392e+12, 3.70551008216e+12, -1050.52589985, 11656.8189809,
1.98853122688e+27, -5.93612609097e+12, -7.67955892456e+12, -20649.4568794, 3702.6494557,
1.14283630381e+16, 2.39015862358e+12, -3.07221601971e+12, 17991.2926662, -35672.023677,
1.98587664187e+25, -4.47559886986e+12, 9.48833854013e+12, -6327.45331321, 47091.1896971,
2.35099350653e+30, -1.19151986858e+13, -4.01511053199e+12, -2975.24633568, -42839.6793872,
402163150.175, -7.7069350756e+12, 1.04619495713e+13, -25564.2092142, -5130.51272748,
425302.763964, 5.01226264378e+12, -8.95761486096e+12, -41322.7978197, -39183.427472,
2253992.79027, -2.68968006825e+12, -5.74123275223e+12, -8567.18312457, 47050.2072958,
419033554.327, -3.32562597119e+12, -1.31863612144e+12, -17620.4612745, 13146.5395357,
4.50161030448e+13, -7.20450943536e+12, 1.02959728479e+13, -13065.7969243, 10796.1527424,
4.54055146324e+24, -9.91156365941e+12, -1.08446181846e+13, 46377.6190152, 5162.4652326,
1.42629504447e+26, -9.45100319271e+12, -9.48714563729e+12, -5549.91423663, 16365.257663,
3.57044468723e+19, 1.1391158488e+13, 3.66897861685e+12, -47179.5677724, 42201.0667656,
2.66359603008e+22, 2.50173911867e+12, -1.18468118487e+13, -5695.05232651, 47399.9447219,
6.28080566213e+33, -1.1415181313e+13, -4.64277004671e+12, 34261.3055614, 11355.5832686,
3.38666902265e+24, 7.77511448259e+12, 6.08528403073e+11, -30843.0057294, -38638.1717026,
5.59162565162e+24, 1.15601179214e+12, -1.13626216542e+13, -12166.2512967, -3145.14599502,
2.80073064571e+20, 1.31206992518e+13, 1.12683369712e+13, -851.940527432, -34306.2344558,
7.41638720628e+11, -4.75728415157e+11, 5.72083249599e+12, 3526.49245968, 33448.4073437,
4545.96062633, 1.93489919074e+12, -5.97374555562e+12, -18502.6793773, -24039.5142239,
1.25228417695e+12, 6.8885020328e+12, -2.7563200944e+12, -7890.88291407, -30111.8609163,
8.75732148051e+19, -3.65371630504e+12, -1.68473406557e+12, -40165.6166476, -115.5921138,
5.88418201482e+20, -8.07669035886e+12, -9.23452513365e+12, 1232.18187592, 1818.91210959,
8.52406549735e+17, -1.43432375744e+12, -1.77429424302e+12, 24097.8397892, -890.204163246,
2.68840566373e+29, -5.90288704911e+12, 1.08382868072e+13, -8416.90534779, -15338.1688075,
4.75777820426e+29, 8.27300967185e+12, 1.2199714255e+13, 13067.420095, -10931.9587113,
1.29727962772e+18, -9.5965603376e+12, 9.31599922855e+12, -42885.2022809, -20027.6119557,
5.76277472701e+25, 2.34126750787e+12, -1.21471891386e+13, -12147.516818, 16777.462117,
22104550.5673, -1.11909746305e+13, 3.70505413679e+12, -39512.1367845, 2759.99178703,
1.07489048654e+16, 2.93166001694e+12, 4.37644173729e+12, -48928.8446566, 49295.0542466,
3.00865578619e+16, -3.18411929179e+12, 1.17885337056e+13, 35133.8227045, 1604.03575493,
3.78744827288e+25, -1.31132177022e+13, -1.22875217724e+13, 22218.1888191, -21591.2033472,
3.13510752997e+24, 2.68902509873e+12, 7.3204730651e+11, 49438.6362426, -24474.0380675,
2.20497251092e+24, 5.76901111443e+12, -7.90062542349e+11, -21442.1444798, -872.077415462,
1.83864256434e+18, -6.12085709995e+12, -4.86324084853e+12, -31174.4650031, -35417.5302017,
7.05341575224e+17, 1.05958129146e+13, 3.6229122656e+12, 13735.3568431, 24889.8790029,
1.65443874107e+30, -5.33465318177e+12, 6.76977479286e+12, -10830.165467, -46495.1970804,
2183469.64249, 1.35719589635e+11, -1.26162276652e+13, -36213.6488905, 31831.1722038,
1.64488159388e+32, 1.58125144585e+11, -1.24324843198e+13, 35153.8171662, -2389.49338155,
8897227995.94, 8.56973548895e+12, 2.66582360764e+12, 4235.03304942, 29385.0644169,
4.61056715425e+33, -4.82689871441e+12, 6.21312748144e+12, -943.868765288, 929.797643581,
1.90529440419e+29, 6.704217444e+12, 4.40714438517e+12, 34326.7382883, 39539.3364368,
14.2505098435, -7.03431543158e+12, -8.01033078324e+12, 31855.0576262, 14652.1596184,
5.93004377001e+31, 7.92408374255e+11, -1.090090145e+13, -33020.0962291, 5699.91413328,
4.23091700539e+28, -1.0493006291e+13, 1.09635152914e+13, 191.360272653, 27785.4394016,
34086.4519225, 9.44891009255e+12, -6.18799130636e+12, 35518.6596459, -37218.4164904,
6.88357592007e+31, 4.88513648458e+12, 2.82064658491e+12, -1756.12178314, 40587.5823548,
2.10087636011e+19, 7.84520235071e+12, 9.78216487042e+11, 45768.0691246, -1515.20140292,
3.06200127803e+20, -3.04132568131e+12, 1.69822478791e+12, -8905.51397649, -19705.7373234,
2.99479145933e+18, 9.44991686164e+12, 1.27001933833e+13, 6663.1678064, 1604.28471674,
5.84449762682e+17, -7.20801153043e+12, -1.01443625045e+13, 1262.26150544, 38222.5559174,
1.40728159693e+25, -46385872151.3, -3.64625505505e+12, 45867.7331679, 16773.8859942,
2.47535413693e+30, -1.0038191157e+13, 3.50503420598e+12, -17122.0977941, 31932.8175417,
7.70917094941e+15, -7.88054941806e+12, 1.03154954347e+13, 31276.9055622, 39557.4127779,
3.10644728583e+32, 2.45682575675e+12, 1.29743087802e+13, -4281.53809548, -14534.7471298,
1.00636171915e+23, -1.22104600578e+13, -8.89007978171e+12, 28775.0080497, -20874.8613154,
1.12297571889e+20, -3.12819259233e+12, 7.48724112396e+12, -3922.67081499, -20008.3235938,
1.58652371028e+12, 1.01415856473e+13, 1.08245274724e+13, 41368.9469689, -5084.67661221,
3.27086471248e+24, 6.62606559438e+12, -1.00564393226e+13, 29759.0458816, -47372.5407202,
7.11085864884e+14, -4.285239546e+12, -8.72237494323e+12, 49382.2748124, 24409.8002202,
89240.8245837, 6.88376738798e+12, -7.89115423023e+12, 2476.29765953, 18090.0143824,
1.06383062577e+14, 5.98979918913e+12, 1.02649471509e+13, 32860.7550386, -15601.9578945,
17466321452.8, 4.55608953725e+12, -3.82520599096e+12, -29643.4102284, 48691.9157637,
5.5656073119e+11, 1.00632451123e+13, -3.19827038985e+12, 5225.79290217, 15231.4653968,
2.35218331166e+31, 5.72350672289e+12, -2.86678873759e+12, -39262.599946, -28636.9993743,
879593809.708, 4.50371012398e+11, 1.27685560473e+13, -2340.89725142, 43401.7493456,
5.0046595906e+25, 3.53440755869e+12, -6.33055410269e+12, -3688.5308126, 28716.4579884,
1.23422478023e+31, 1.76769175786e+12, -8.36355655003e+12, 9066.64710757, -24064.4160337,
1132196401.07, 1.43587855317e+12, -7.49100401598e+12, 36350.0462161, 32156.6304666,
6.14216635015e+31, -1.64369951885e+12, -1.28074709517e+13, 31499.2907688, -45185.8828976,
5282815471.14, -1.20678977549e+13, -4.80398197207e+12, -45467.7621335, -39481.790682,
5.08231054601e+13, 4.02201212297e+11, 1.15037854688e+13, 10693.9561311, 22592.6858468,
2.85605702036e+15, 1.07982607102e+13, -8.51778422303e+12, 44636.8416523, 40369.2103822,
5.14373580657e+17, 6.50710902873e+12, -6.11251244131e+12, -48646.7458286, 37587.0965725,
75727782278.2, 3.84537535707e+12, 1.7188801686e+12, 36787.7098631, 26003.8846744,
3.19003077216e+12, -1.21202837045e+13, 5.97580509689e+12, -38071.9366462, -42459.1721341,
31455486.6887, -4.3933180153e+12, 4.82200319959e+12, 48756.3617637, 22119.8317203,
4219.5656963, -4.77724989623e+12, -9.91848545188e+12, -40160.1421407, 2168.38184317,
5.4017079109, 6.70851210019e+12, -1.14330906116e+13, 38295.298029, -38723.8994345,
136845892.953, 1.08121563896e+13, 8.80584016919e+12, 10662.7160792, -40816.3482831,
6.34157350085e+32, -1.29416061859e+13, 9.36912511603e+12, 3047.7337485, -33150.5293069,
1.08192838963e+13, 6.72500835766e+12, -1.05506595687e+12, 27897.3078739, -18129.7097581,
1925091977.29, 2.86162151433e+11, 4.64676905905e+12, -35608.5501594, 31639.4756603,
7.25342489391e+14, 1.28610437843e+13, -8.50190074839e+12, -46802.2065043, -36428.8162488,
6.85219653515e+24, -2.35802149716e+12, -1.06419926324e+13, 20312.522451, -14290.9150984,
1437736011.22, -1.40147833715e+12, -1.30911058132e+12, 38131.0311989, -41288.1292992,
2.86083945632e+16, -2.67640714118e+12, 2.54467203259e+12, -42515.1152431, 15454.1898797,
610587.368446, -7.08170570301e+12, 1.04882621329e+13, -32346.5771906, 46767.9530771,
5.22995625974e+11, -2.14961817552e+12, -6.85246542304e+12, 14494.1345545, -7693.01158679,
1.51734146549e+20, 1.14052479516e+13, -2.1406475807e+12, 16558.474153, -28329.1148662,
0.127921372217, 6.4630327306e+12, 6.52293494253e+12, -5969.94384416, 24679.3644614,
3.32077139067e+26, 1.06946620275e+13, 1.5104731437e+12, -30860.2253101, 48127.9983421,
5272013.77319, -8.14990966666e+12, 1.22751091532e+13, -28595.9080716, -9449.99979061,
3.12736755118e+17, 3.01029448621e+12, 1.33135404237e+13, -36214.0259484, -608.405628464,
7668376063.24, 1.39594042756e+12, 6.98729657584e+12, 26998.0435797, -15027.5293479,
1.33114655044e+12, -3.74961714276e+12, -1.16551728062e+13, 36481.5789768, -16912.5064204,
2.23584084191e+18, -1.23023441703e+13, 8.74141078391e+12, 2399.10661906, -14370.0616246,
7.70459983654e+22, -8.82063459315e+12, 3.27485149577e+12, -42463.5323848, 8741.55657013,
3.30250823073e+15, 3.09250485341e+12, 2.26569201506e+11, 14148.829107, 14378.702847,
51516259408.3, 1.32932741763e+13, -1.2255315643e+13, -40450.5399078, -29520.4960559,
7.31616143842e+17, 8.03903743264e+11, 2.34328715906e+12, 47424.476646, -9568.11260481,
3.40631594389e+30, -1.2567174032e+13, 9.1766977507e+12, -43801.7690164, 36103.2990383,
3.03627056963e+31, -8.16325995015e+12, 7.20296582238e+12, -938.052729496, 13183.2785947,
0.421061657787, 6.05593219003e+12, -1.01511013624e+13, -21555.9424646, 8522.83633799,
8.0977689551e+28, -1.7194300701e+12, 1.32452275984e+13, -12501.8640061, -4801.26541468,
2.26901371829e+19, -9.50555045477e+12, 7.40230854525e+12, -12544.675287, 43607.4907439,
5.30298806985e+33, -8.66141634864e+12, 9.35945740689e+12, 35289.2429695, -2782.30347841,
3.43594012081e+32, 5.40256618501e+12, 7.3899697793e+11, -32820.9573467, 43866.469511,
2.47898374949e+32, -2.17985303901e+12, 1.14239828232e+13, -20110.052405, 49427.8955439,
1.15550366986e+15, 1.30371241507e+13, 1.23612263279e+12, 26307.4947002, -42473.7157631,
3.0152736422e+29, 1.08006603787e+13, -7.01325080845e+12, -46138.2876203, 31721.8133804,
2.37135631458e+24, -1.18472703349e+13, 1.21558725391e+13, -16859.9045602, 11265.4732156,
1.3864887869e+17, -2.66705239771e+12, 2.14741374659e+12, -44416.602565, -28578.8587263,
3.12732152878, 8.22497083029e+12, 1.13640047756e+13, -9340.04668569, -792.425160902,
211.828530064, -1.14893808061e+13, -9.63138525668e+12, 41940.2727006, 2074.21208268,
1.14361672101e+24, 6.6912702912e+12, 1.14489839765e+12, -12402.5914743, -48035.2831163,
2.13956308165e+30, 6.94588680867e+12, -1.11162893987e+13, 49684.6450721, -33582.7176102,
0.943008335851, 2.63488279252e+12, 1.1318445457e+12, 10217.2748113, -13575.9792787,
5608581798.66, 6.66131449243e+12, 9.14966788761e+12, -10829.3397283, 28835.7030107,
0.64470080928, 4.0720217776e+12, -1.24047192931e+13, 24787.4512038, 44623.4737408,
282.947848367, -2.14692238856e+12, -9.65725388095e+12, 25869.4326555, 20365.6738054,
1.00888778767e+16, -8.78888400487e+12, -3.23272021803e+12, -34764.8025862, 31845.5065893,
66815456659.4, 2.44093053905e+12, -8.63847952505e+12, -10682.2289244, -49167.2483025,
2.21386839939e+17, -1.10597752147e+13, 4.33084042779e+11, 372.037347883, 9141.85978975,
1.51705301169e+28, -2.72139638935e+12, -4.29266183724e+12, -8969.98719206, 20194.6755573,
7.64024674032e+31, -1.11624521367e+13, -5.3730669348e+12, 5660.14742748, -14210.285155,
7.06137559767e+27, -4.88711317051e+12, -9.35019568441e+12, 35188.6478936, -841.545017033,
1.34792334211, 1.01021494644e+12, 9.96399762999e+12, -38671.8676778, -2228.20896134,
2.19881323103e+30, -6.38421479033e+12, -7.30294427453e+12, 46495.1790415, 37112.9052551,
1.17707159118e+29, -4.79593881686e+12, -5.48574907718e+12, -35191.9936384, 1624.00590198,
2.24342617265e+28, 8.8191815762e+12, 6.86813810828e+12, -44557.9713168, -41875.682852,
26186223511.3, -1.25491037372e+13, -7.43292905465e+11, -15649.216458, 25047.9473005,
3.28587181714e+28, -8.78756931167e+12, -3.48865262187e+12, 22360.1771135, -34882.6151275,
1.18990823396e+32, 2.53435471185e+12, -5.00263163795e+12, 37915.6200842, 47217.1439283,
1.75209687765e+12, -1.67008196045e+12, -9.353339905e+12, 36699.8320939, 4690.24270725,
1.07129244883e+31, -1.09051467385e+13, -8.91124393182e+12, 42591.3259601, -9668.25934416,
1.79878954465e+21, -1.22507951906e+13, -2.58758655185e+12, -1100.43892557, 8247.1323843,
9.83421682418e+18, 3.83157569538e+12, -7.57291136863e+12, 38006.7328374, -33231.4406561,
1.44206115779e+22, 9.36402421443e+12, 8.04752121555e+12, -47876.3524034, 31560.164784,
2.03784141187e+30, -8.94783197833e+12, 9.3368952612e+12, 24795.6865281, 20879.6969306,
1.61520534276e+17, 6.43641362124e+12, 8.78387284561e+12, -30543.4001525, -23224.5524215,
5.07121082444e+29, -8.34257677918e+12, 8.21546591262e+12, -34496.100988, 19848.4119979,
1282231000.18, -3.88406821466e+12, 2.66322142825e+12, 26929.3889392, -20166.7998706,
2.62894110581e+29, 1.01377812856e+13, -1.00434570942e+13, -38536.7723786, 20276.1148004,
2.04516905588, 1.29149516774e+13, -2.89497785838e+12, -25451.3185773, 24694.4072523,
1.26930541591e+27, 6.84897884054e+12, 1.14958435209e+13, 15521.2400992, 43847.5813644,
2.1240735052e+29, -1.0885045016e+13, -1.72952350947e+12, -4525.18004008, -24035.5738544,
2.76515880606e+26, -1.07877830502e+12, -1.28490152119e+13, -9411.74191201, 28867.7120227,
19705.0760617, -4.72360134658e+12, 4.94680661256e+12, -34295.6558566, -16157.2258178,
1719224944.25, -1.12764149529e+13, -9.09698515136e+12, -36562.9586891, 24020.0939751,
1.27879318954e+12, 7.42284190064e+12, 8.21342953199e+12, 13500.0281078, -12547.5746472,
3.05233730546e+18, 1.04854097834e+13, 4.07100976869e+12, -30710.606762, -33294.5793143,
270647626.475, -1.29066994147e+13, -5.64424648392e+12, -15427.3301777, 27840.4846747,
1.84590069484e+19, 5.45686833704e+12, 1.20198928095e+13, -31947.50181, -23599.0455628,
4132.83758688, -1.24187411766e+13, -7.18546379275e+12, 35958.5503432, -46877.5140832,
5.89872480885e+14, -6.10198488616e+12, 9.4816279197e+12, 22761.0950303, 35284.1965723,
38614945684.5, 1.15603589504e+13, 6.65097667766e+12, 13855.117854, 26949.7791598,
2.55424085267e+24, -7.00156829942e+12, -5.16167773171e+11, -46925.2240632, 27331.4585504,
3.77331886365e+16, 1.07225139897e+13, -1.03834581654e+13, 14329.6834173, -38123.845862,
2.29638045839e+17, -1.1325703755e+12, -8.40968815201e+12, -30263.8901028, -33283.8953511,
5930608320.31, 4.79391733581e+12, 7.49135287976e+12, 2876.97570285, -4330.65699666,
2005426413.21, -9.29241212395e+12, 1.28903077271e+13, -18527.3339195, 35034.9279574,
1713.1117684, 1.1749278795e+13, 1.29989192163e+13, 38045.387152, 43358.5405288,
8.06250365635e+11, 7.69062422801e+12, 3.29494848933e+11, 48669.2545368, -30885.6656531,
7.22410999352e+29, 1.27454074778e+13, -1.13056540275e+13, -17153.2906776, -16241.8069197,
2.07016130732e+21, 2.29788577741e+12, 9.90551235935e+12, -12225.8944179, -31668.7018323,
8.21470148472e+24, 8.34097374177e+12, 1.19768804829e+13, 26679.2970765, -35230.6126537,
5482137.59461, -6.0126345475e+11, 7.93535184737e+12, -3094.44910914, 6960.29982924,
168.857208045, 5.41841084666e+12, 3.19474123702e+12, 12285.4565481, 28351.5829767,
6.4313482107e+32, -2.65108308753e+11, 5.86527774519e+12, 6364.24812093, 10823.1272174,
1.00287768487, 1.22374448137e+13, 1.2929672156e+13, -19689.5995032, -36588.0129903,
0.908620099295, -7.56218216569e+12, -1.19168009821e+13, 23298.0693452, 23314.4756532,
4.89734296402e+25, -3.77153632458e+12, 1.09769495946e+13, -25605.5949046, -32526.4629387,
489071074.452, 4.28468016365e+12, -6.34924377974e+12, -19282.7857225, 1072.67595874,
317135519.046, 4.41311711051e+12, 8.3719219128e+12, -7284.64020371, -39064.9750793,
5.96823227467e+20, -1.15889936767e+13, -7.28832468113e+12, 2545.4583895, -45248.9903263,
7.11112574535e+19, 7.46801051034e+12, -5.05788448684e+12, -11160.7828705, 41830.4258712,
8.60137275912e+23, -8.34870201527e+12, 1.02512593948e+13, 30871.0449425, 32842.2559104,
1.87738687804, -6.01341273561e+12, 3.0878913983e+12, -9530.32179347, 37249.105353,
1.67055703329e+22, 7.29780295542e+12, -6.09489795835e+12, -14571.9844739, -19858.1891833,
49958016700.2, 1.677630574e+12, 7.36825636339e+12, -20934.3519742, -46550.0530508,
231.656876492, -1.32648260013e+13, -1.1398060108e+13, -26930.3291334, -13227.0351973,
2.7877033498e+18, 6.48663010292e+12, -3.44831877177e+12, 3007.83540927, 38757.4632675,
26853.9618304, -7.61785069062e+12, -1.16645135171e+13, 4096.13332339, 27886.2337226,
5.65182014915e+28, 7.60053896861e+11, -8.39900612717e+12, -44496.7516671, 9799.3984793,
328993.986577, 2.49773990089e+12, 6.75525871485e+12, -39461.8420439, -47275.214907,
7.08987652822e+32, -4.23614847309e+12, 4.27947085734e+12, -2434.80891708, 3106.71021894,
15516443.7977, -3.8566677402e+11, -6.64564598943e+12, -6140.45631669, 43029.3945995,
1.08435004552e+31, 8.0967249327e+11, 6.78475153486e+12, -19993.3351581, -31733.1923199,
4.75212562246e+11, 7.74950279188e+12, 1.29601693569e+13, -11146.7086217, -41415.3291601,
0.96319566183, -9.14561752943e+12, -1.23627863679e+13, 33584.7074492, 25122.7824547,
3.64056177731e+27, -3.90956306736e+12, 5.21492945101e+11, 36047.3849548, -39337.3994503,
7.71507526747e+22, -1.23173293204e+13, 9.48380728198e+12, 26912.9718645, -36226.6774179,
172712.132764, -3.68796467716e+12, -7.67701277137e+12, 8152.23426663, -23368.8782919,
65074.2982691, 1.15225782474e+13, 4.82550205154e+12, -37858.4558145, 20377.3764779,
8.0341576381e+26, 8.46331313711e+12, -1.3426726498e+13, 46606.09232, 38402.3547715,
8.28281609769e+31, -1.86526339745e+11, 9.21493361255e+12, 33360.3977472, 46757.6018018,
2354550.26105, -5.5875118798e+12, 3.96238307087e+12, 9893.38088162, -45628.1369174,
421501531.638, -5.18778470215e+12, -9.43406862308e+12, -35439.1731984, -25281.6843746,
361.964128587, -1.28660423773e+13, -6.91768672815e+12, 45416.5151069, -40056.0014165,
5.96861774063e+14, -3.06691071623e+12, -7.16148393278e+12, -7858.92352356, 14016.2627393,
6.65849127673e+20, -3.44356532241e+12, 1.01666379721e+13, 34810.2510649, -49238.3022197,
3.51839927212, -6.09014702738e+12, 8.43840771006e+11, 2445.01826283, 13849.386062,
3.41852193228e+20, 2.10048066768e+12, 5.93731566495e+12, 13442.6454695, -13475.087101,
39934850.9587, -2.67119211267e+12, -5.01263413936e+12, -13655.5447719, 15583.4521729,
5.78617485953e+30, 9.76355089621e+12, 3.67346089843e+11, -48793.1978438, 9653.24636574,
3.2765742801e+21, -8.35576520839e+11, 1.14449411371e+13, -7129.59913721, 29616.8402934,
1.17132171941e+23, 5.19511031144e+12, 5.61193958419e+12, 16327.2952664, -17795.3678984,
2.3753553978e+21, 7.49461577076e+12, 2.05836665815e+12, -9030.23845901, 47146.9696338,
2.7256765885, 1.26421825721e+13, -1.72224129581e+12, -34432.3411786, 22695.2596371,
2.16024387033e+11, -7.57041434289e+12, -9.59589401206e+12, 466.175124569, -5574.15481017,
3.82883042178e+19, -9.73269590609e+12, 7.32946210281e+12, -26303.2678609, -1302.62294002,
1.29559901142, 2.56781097253e+12, -1.2597002389e+13, 42415.5137747, 8070.16812274,
1.59624077234e+24, 3.95453767394e+12, -9.34668194948e+12, 37669.8325626, -49235.6337433,
3.3950293829e+16, 1.30976847928e+13, -7.64152206357e+12, -17306.5601017, 43266.9148964,
9.36091584129e+22, 6.71653319738e+12, 2.36495919982e+12, 4244.58944427, -32423.1544164,
1.55283176291e+32, -1.73004208404e+12, -8.03228517779e+12, -3671.73509387, 1577.60362647,
8.41367899594e+23, -7.18542020647e+12, -9.28773945691e+12, 14041.5330407, 5933.36813761,
1.83692456285e+28, 1.22794526269e+13, -1.31255367852e+13, 25927.0571097, 1284.49748333,
3.20882258314e+14, 4.84275390509e+12, -7.95597563485e+12, 22530.3366084, -4946.40379889,
61615.1783453, 2.09012911974e+12, 1.91683957068e+12, 9304.88993095, -31066.2576946,
8.24565465681e+26, 1.54131387986e+12, 4.41955302433e+12, 11031.0864632, -13281.2980592,
118609921.621, -1.13477564958e+13, 5.2282752055e+12, -2117.82236263, -38485.2994351,
1.60947553161e+11, -1.26320229243e+13, 1.00425523506e+13, 26974.2543509, 40939.2178975,
358.145902162, -1.29390008803e+12, -1.14466412262e+13, 35799.087462, 48091.6614723,
305.973266946, 5.36590053388e+12, -7.47064273257e+12, -29349.6260336, -20594.6015763,
6.39597154663e+22, 5.97661064292e+12, -2.35359003214e+12, -21318.5539902, -32616.8225263,
39.6025918866, 3.3693248942e+12, 2.17766933237e+12, -21924.7823966, -20326.3915576,
2.18211111884e+22, 7.38704589273e+12, 1.3026402146e+13, 46426.4057984, 25693.1445834,
1.19643709815e+32, 7.93603032679e+12, 7.68577042066e+12, 45912.8710542, 3964.38677053,
6303201.33372, -6.22821497013e+12, 1.16966561878e+13, 5448.81570969, 35331.0987137,
7.31755932755e+16, 2.4690793148e+12, -1.25616401378e+13, -38954.2232042, 22888.0225893,
5.64729149612e+22, -1.21031489488e+13, 3.30964120691e+12, 17835.5895153, -48452.0157331,
3.78166540469e+31, 5.83819191411e+12, -2.57322090775e+12, 15064.4217119, 3668.48741051,
6.85576532024e+16, -6.6054957856e+12, 7.63030369292e+12, 33939.584904, 2995.67443586,
5.34054999274e+28, 1.02481618546e+13, -8.03097835359e+12, -20931.0872181, -10927.0351355,
361.438289609, -1.06487632325e+12, -4.25147927667e+12, 3115.27299504, -7900.03078746,
689187525.176, 4.25194852412e+12, -5.75832698607e+12, 21375.3366623, -14713.7308802,
1847673154.06, 7.5746726146e+12, 2.96010550372e+12, 10046.5022, 12526.9113898,
8.63256810465e+23, 1.31870825558e+12, -5.91782931108e+12, 19598.6594829, 26253.8137032,
4.53159206231e+25, 4.39313549821e+12, 2.07749370629e+12, 11004.0687167, 16822.0637947,
3.01452713112e+19, 5.93227892608e+12, -4.91016860665e+11, -5596.16945742, -39503.6954695,
2.92075607499e+20, 7.51464144235e+12, 4.76450537308e+12, -42792.2582087, 17846.7968032,
1.87520473058e+22, 4.37313220247e+12, -1.3129880445e+13, 8257.31516266, -22735.1778466,
6.3990699557, -5.37108789977e+12, -3.21050186521e+12, 48612.6015949, 48410.492467,
177078109.857, 8.71466518669e+11, 1.21037831128e+13, 2769.81298527, 1009.94525531,
3.69098951731e+11, 8.10266977222e+12, -3.86943662444e+12, 45743.8665405, -31815.4020786,
4.85090907447e+33, 1.14350991949e+13, -1.1377098867e+13, 33507.6403641, -12626.1028026,
0.157801577791, 7.76970707443e+12, -8.68169106327e+12, 37373.3784629, 44072.7391468,
3934671.64345, 6.33497901351e+12, 1.00595618637e+13, -238.999441972, 24230.8281596,
6.03676482707e+24, 6.8129967073e+12, 6.32361409413e+12, -29645.9824037, -12118.8266847,
1.26800415297e+20, 38668720921.1, -2.04322844349e+12, 28844.8546057, 22578.2376239,
3.17511481769e+20, 5.75607204221e+12, 6.38257240177e+12, 46307.9532523, 2944.8973208,
5.05410615983e+32, 1.02889642094e+13, -1.28286596005e+13, -29785.534001, -503.183783143,
2.08709852643e+18, 5.18623182345e+12, 1.08968044371e+13, 27622.3997303, -41148.4408407,
2.07181090686e+23, -1.32576787223e+12, 2.04425199775e+11, -19965.7156051, -37012.4302731,
4.50879408971e+15, -1.12630776969e+13, 9.05687475415e+12, 4223.39974497, 24592.466417,
2.64847394611e+23, -1.00771346832e+13, -9.41339278384e+12, 36711.1476407, 37270.9547176,
6.49972821865e+11, -1.52275694717e+12, -5.3643266167e+12, -13677.2488358, 42464.89605,
2.3893384432e+26, 1.17426191735e+13, 7.36700168795e+12, 44332.0716252, 49302.3612482,
2.07548580066e+16, 3.99704817448e+12, 4.95736619191e+12, -3015.07818957, 2318.48265348,
669275.91847, 3.41578281963e+12, 1.27032227807e+13, -26643.3894457, -29222.4215279,
368938698.08, -7.61314732805e+12, 2.37715789622e+12, -27981.771851, 12670.6111812,
5.80578510471, 1.21181922773e+13, -8.24173281495e+12, -27653.7444059, 23347.4437066,
400590.791731, 5.73807387701e+12, -2.35451539741e+12, 47830.5179951, 39033.6589598,
144730272.67, 3.00323404789e+12, 9.70674934308e+12, 13274.5521086, 2287.32930395,
410.438376491, 1.10315022958e+13, 1.29757953983e+12, 31348.5845706, 19836.4231798,
1.91312405054e+22, -4.41907872941e+12, 2.54237201837e+11, -5463.28592372, -12695.9582672,
19179722753.8, -6.38953042176e+12, -1.2073503515e+13, 9729.97814123, -8195.50770271,
1.00492484945e+29, 1.10731997021e+13, 1.26480840077e+13, 9106.05115756, 2975.28844026,
3.89260791135e+31, 9.53447750548e+12, 1.30627411287e+13, 11854.1686083, 24858.4098976,
1.43626442382e+30, 2.30758131113e+12, 6.70217296902e+12, 21955.0199024, 34865.7195083,
1.00807699377e+15, 9.499383281e+12, -6.42159648151e+12, -14085.1706456, 42048.6785122,
7.59134346169e+18, 1.12526852823e+13, 8.32373910945e+12, 39906.3482752, 45787.5651894,
4.5355825397, -1.09716846348e+12, -1.28856498914e+13, -29691.3457359, -23354.0200107,
1.61339646599e+17, 1.19358357688e+13, 8.34200757887e+11, 33910.0641587, -40647.8492403,
3.44457052967e+31, -1.00537814697e+13, 3.63980317518e+12, -36604.1846306, 29529.8615484,
3.26351258015e+30, -5.66825229565e+12, -4.12506893234e+12, 45624.5382103, -32383.9584803,
2.31628638144e+18, -3.73983354808e+12, -2.66504365269e+12, -46946.7553962, -25152.4427778,
5.29045029923e+22, 4.56768672069e+12, 1.13025625995e+13, 45121.7835387, 49574.3368962,
5.15873892644e+32, 1.13805690591e+13, 1.19563937e+12, 47273.6287644, -13068.8950845,
2.28967141251e+18, -9.37157213718e+12, 1.24978870569e+13, 43840.4423893, 29508.9299933,
9930.61046871, -1.31530603449e+13, 2.02860464809e+12, 36804.0270534, -43649.3598175,
13491038433.9, 5.23451067551e+12, 1.09431746404e+13, -38153.2342695, -21918.1443781,
328.238746649, -2.3951276378e+12, -1.24288666721e+13, 3014.95290121, 18715.5805413,
2.28830541661e+29, -6.97345398645e+12, -2.67860110478e+12, -16903.8075183, -30683.0130094,
140.109777824, 6.84279559795e+12, 9.93700114032e+12, -10459.2201269, 17971.4194315,
48110.435547, -3.89188948693e+12, -2.30126716813e+12, 4925.14495771, 38893.4656985,
296411.12215, 1.23127460587e+13, 2.77788618594e+12, 43842.3275908, -24432.5889844,
167.52326932, -7.26193953793e+12, -1.75318388031e+12, -25428.8182192, -32604.5030887,
783043.674946, 5.97106879116e+12, -5.31854845106e+12, -16475.3222386, 27193.9023739,
2.68685746559e+23, 1.31197473966e+13, -8.75711730623e+12, 36714.8025003, 15931.5049088,
69951.8374057, 8.04917667622e+12, 7.39339285727e+12, -17401.0081342, 32976.829382,
1.50126844455e+22, -2.16221601661e+12, 1.43313943064e+12, 20889.6236146, -47851.0977875,
1115.38789028, -8.99177152037e+12, -1.28257350832e+13, 34074.8616494, -4642.76288003,
9.27707282262e+20, -4.80258909633e+12, -2.92046722222e+12, 40413.5906841, 47513.4492369,
2.93560342725e+14, -2.81612402199e+12, 1.33269086199e+13, -23048.6047725, 10878.8104249,
1.05601029434e+27, -3.24421011587e+12, 1.02137046673e+13, 37278.0714602, 211.781824889,
5.08476387245e+12, -1.23528841133e+12, 9.15477973463e+12, 47586.5834172, 39003.3685857,
175039101.132, -5.56414398038e+11, -6.96312156636e+12, 8001.26216785, 24239.5066109,
6.80147738565e+28, -4.02917761927e+11, 1.03809008584e+13, 39082.2470955, 9872.5933694,
1.25639536066e+26, 6.39933022273e+12, 8.12979314541e+12, -42839.3771819, -42021.5980656,
2.80493680575e+12, -5.59091086069e+12, 8.573902775e+12, -1570.1723411, 22056.814671,
8.22200749502e+11, -1.02953542768e+13, -3.91889887963e+12, -5543.14487863, -33033.597235,
3.34936559145e+21, -8.95782848741e+12, 9.97296957627e+12, -45135.445592, 5776.92750631,
1.8209228806e+20, 4.76036354942e+12, 1.17955356512e+13, -29174.7893503, 29331.9572058,
1220608.21654, -1.19516062046e+13, 1.34579337728e+13, 27023.4611707, -4335.27272715,
4.12458098573e+12, 3.98037370773e+12, -6.78427714363e+12, 49347.0030942, 29948.0949031,
514.392665275, 3.54327637664e+12, 2.58012076609e+12, 49924.9158344, 17614.7366742,
2.0435009806e+19, -6.48067477341e+12, 8.45643898935e+12, 3090.09223327, -38589.5139088,
4.66835411382e+17, 4.26307149438e+12, -1.16437564344e+12, 48881.8041783, 42311.1370949,
5.74705801092e+30, 8.52683724437e+12, -3.91119097503e+12, 28121.5391325, -2959.15453476,
4.57173721219e+12, -2.17379329498e+12, -6.07567896633e+12, -41669.9740844, 30649.8224665,
12.3317830786, -1.0561188687e+13, -9.78123686401e+12, 41495.4761299, 17222.7501158,
3.06750255711e+26, -3.6291753247e+12, 8.98535279849e+12, 11485.8079912, 46620.5489116,
1.11104609734e+17, 17918492964.6, -4.98718096234e+12, -42708.5078326, 45791.3665326,
4.94367869116e+29, -3.01885722381e+12, -1.13485355876e+12, 5973.37695327, 43273.9994872,
1.498506542e+30, -4.4835180473e+12, 1.11793671352e+13, 43189.9426711, -22809.8441676,
1.02808212472e+12, -4.09437925982e+12, 3.4713471679e+12, 40860.690334, 941.881689129,
1760.17951631, -5.24338231341e+12, -4.47797051003e+12, 43378.7438238, 38890.3718616,
1.3367299898e+12, -1.84217186825e+12, -6.14328990493e+12, 3617.15874054, -23543.305379,
2.33198137578e+33, 3.50117072268e+12, -7.12008315506e+12, -41566.5762469, 5786.93723788,
1386.55273973, 7.24710115704e+12, 1.2744913941e+13, -29425.3486983, -23171.1297486,
0.679645999341, 1.25599637856e+13, -3.44617391759e+12, 49951.6330556, 48391.14915,
152278184.264, -9.58304506411e+12, -4.72934774765e+12, -16433.9215503, 41779.2375617,
18.2796641519, -4.78606692449e+12, -3.63233830174e+12, -27802.5659802, 48918.8523834,
1.22500167165e+32, 2.94801838296e+12, -1.18023039824e+13, 46921.0270069, 14931.7109958,
101.564432071, -6.05226040081e+12, 1.18443260896e+13, -30869.6822448, 2661.01209126,
85208599.2549, 6.47272259783e+12, 8.26522783082e+12, -26829.2273072, -43790.4937441,
5095.12689034, 1.29033305242e+13, -1.15068273551e+13, 20887.0357323, 37687.3195469,
3.04615680386e+23, 3.81179561659e+12, -1.06048558919e+13, 49015.1945066, -2047.06427142,
1.11051787385e+23, -8.65178526036e+11, -1.00801209072e+12, 7914.17120004, -37492.602735,
4.56395593097e+24, 4.03748927411e+12, -6.39597477567e+12, -42111.398687, 40315.1508513,
679.215185912, -1.11473718034e+13, 9.54945926381e+12, -32000.2725044, 40976.6520257,
7.8692664325e+29, 5.62728659313e+12, -7.59395561938e+12, 2873.9953269, 5379.02681264,
794.75590342, -6.94860488041e+12, 9.20609303128e+12, -2678.51290232, -16911.4555023,
5984.62879893, -2.41952127157e+12, 1.18702943435e+13, -21689.7351183, -1502.20212126,
1.62643264183e+31, 8.89013648326e+12, -6.32548921816e+12, -8715.60874953, -46283.9635605,
2138601468.96, 1.22232606111e+13, -1.06080200151e+13, -38156.8344341, -23729.5065653,
1.70173903599e+29, -9.23340266009e+12, -4.50408837695e+12, -1382.64365433, -34022.9335622,
11221.3304021, -4.07930445407e+12, -1.02592864012e+13, 23146.2653702, 40927.5568472,
7.54859204719e+20, -1.02707971177e+13, 1.31895363389e+12, -15746.7911791, -31874.2062943,
88502304676.7, 2.25662990491e+12, 3.75929827902e+12, -14472.6086409, 18423.9034963,
7.44479085721e+25, 2.06692591262e+12, 1.11546573022e+13, -31110.9988723, 30921.7462654,
2.81199715614e+30, 1.25933056923e+12, -1.20966550559e+12, 20119.4044403, 30292.780893,
4900784135.5, 1.11827808824e+13, -2.67891699195e+12, 46043.3444493, -13040.3127705,
9.327354309e+14, -9.21760112679e+12, -6.33873225054e+12, 23286.0068874, 4976.92678547,
9.96079660086e+15, -1.05331319991e+12, 1.2238049868e+13, -6939.85437213, -32890.6030318,
1.27013889784e+13, -6.38937079851e+12, 1.0707737954e+13, 43643.2338597, 23181.5314402,
19909004101.0, -9.73136494496e+12, -1.02135338104e+13, 27403.830229, 17921.3210055,
2.92496558363e+31, -4.66066795475e+12, 7.78827483867e+11, 18482.2110573, 8231.13694396,
576622.902974, -1.19123388954e+13, -6.31261959352e+12, 33451.6975085, -31573.1691204,
1.58804157244e+19, 4.85571851567e+12, -6.7061733434e+12, -23252.4605752, 3460.21062323,
1.10593063436e+15, 2.33736031877e+12, 78167492878.0, 45508.5259434, 18076.0248678,
9.36644801025e+29, 1.17130526477e+13, -1.78161755645e+12, 9929.3981173, -11054.509189,
1.09302626514e+27, 6.18014753965e+12, -1.10126057113e+13, 1625.04440608, -8348.59161258,
5.77417358647e+13, 9.12760641149e+12, -5.73012270273e+12, -43500.1988288, -15001.9642676,
1.18424146113e+30, 1.12382493035e+13, -1.10521593274e+13, -4845.16731923, 13995.8714467,
4.47859502309e+26, -1.06885705852e+13, -9.95592497203e+12, -22149.7463073, 47599.5896579,
33.981091555, 1.06357900832e+13, 1.1247333973e+13, 33456.4265523, -16584.4991831,
9.70236767993, -1.28921301954e+13, 1.86318040554e+12, 31024.0515523, -39417.5568886,
5.11184386536e+12, -8.71391821427e+12, 1.87323773581e+12, 3177.25736882, 29306.1384458,
9.66915041682e+25, -2.81427734646e+12, -4.46438332581e+12, -43818.5494818, 24111.2603696,
7241606695.49, -4.60755192509e+12, 1.26967616716e+13, 934.29555093, 8725.16701446,
4.10005582121e+14, 4.4342166629e+12, -8.97050411977e+12, -37417.2174676, 20768.6215025,
6.1387794054e+15, -3.89749831646e+12, 8.75198401581e+12, -21047.2605921, -30630.4882489,
58.1729931285, 1.75749171515e+12, 3.14184828949e+12, 21054.646146, -19228.7774001,
4834012.84426, -1.1043584591e+13, 1.30239087341e+13, -49851.0009725, 11799.3646865,
8650454.8985, -1.48050748665e+11, 4.79673455606e+12, 44796.8564948, -11264.8482939,
5.67685774928e+17, -1.90653875361e+12, -2.16743592716e+12, -42329.8954142, 7216.09790322,
1153724.28546, -6.8229186323e+12, -1.81665523086e+11, -28891.1538717, -12623.7726621,
2.59119088828e+11, -1.77768210346e+12, -8.73945822565e+12, 18107.0735416, 36371.4726372,
4.58276488747e+21, 8.00279530041e+12, 7.43309211626e+11, -49335.5650472, -24875.0338344,
22952.6083288, 5.02928691562e+12, -1.0210780109e+13, -8357.03669187, -22009.8210223,
434.217290547, 1.18817436875e+13, 6.05365779743e+12, 41226.3663181, -26501.8189708,
22.9693856563, -1.25651447797e+13, 6.85966377456e+12, 9988.7479255, 35380.9819884,
1.70501233522e+25, 1.16197714507e+13, -7.93673371065e+12, 4455.342203, 40633.0379789,
674.92913361, -1.2534634222e+13, -3.23681225112e+12, -49705.6551044, 45973.7283808,
1.70039854143e+19, -1.05852823377e+13, 21140746004.8, -4664.15068098, -9589.6003938,
1.18641154463e+32, -9.52047098913e+12, 6.73872649364e+12, 1552.77145932, -42183.8384803,
1.32258567481e+24, -4.59656765374e+12, -8.81930326904e+12, -31845.0262843, -46836.40346,
2.24926252146e+21, -3.01244428811e+12, -1.24040946679e+13, -25209.5327481, 6113.04364663,
824.224760169, -1.0499134319e+13, 1.26941931899e+13, -29609.6992832, 19341.8787025,
4872221275.09, -7.86292672408e+12, 7.35179118786e+12, 31608.8114132, -40737.8849953,
5.04823443764e+11, -1.30660458359e+13, 3.86679499107e+12, 4781.91885167, -31361.9524664,
5.83024928666e+20, -9.15518459353e+12, 7.10620180578e+12, 46918.6182313, 44592.6786752,
9.37853126481e+27, -1.28264119057e+13, -1.28312845849e+13, 21372.4705091, -26858.9553348,
4.61155041372e+19, 1.12856923959e+13, 1.26957895356e+13, -7660.92518564, -7390.86846597,
1.84147649672e+32, -1.27082005926e+12, -3.37960762391e+12, -36013.5926708, 48527.3514456,
6409718.91345, 1.29105970665e+13, 4.74791274257e+12, 7254.28536186, 14353.002006,
2.86881773474e+30, -2.11391244629e+12, -5.83042760049e+12, 28947.1268375, 31304.271286,
1.39711154395e+21, -1.32813414984e+13, 3.93140723397e+12, -12038.5259562, 20884.1136891,
1.30481957225e+30, -1.91006954366e+12, 3.78885340371e+12, -13306.7814568, -10443.4170938,
64.9120729433, 1.22222744967e+13, -2.40039052767e+11, -9620.25733501, 2942.44833764,
1.42951472984e+26, -7.60142280643e+12, 6.92839642016e+12, -36785.9965116, -7886.04112785,
2.15681235853e+27, -2.04695156211e+12, 1.31799610713e+12, 31503.293574, -10460.935984,
2.30759538894e+28, -1.16644791565e+12, 4.7896866937e+12, -23579.5156563, -45835.3501034,
1.08209658876e+30, 1.40282945718e+11, -6.93967277892e+12, 26244.1184272, 37066.5049938,
2.47505099142e+11, -3.09786155459e+12, -4.21343246215e+12, -36895.3593671, -646.237447929,
7.29912377627e+18, -1.21183921331e+13, -5.06979584045e+12, -37099.8458113, -41787.659183,
1.21542804859e+21, -2.91874198151e+12, -1.07891734055e+13, -1673.82638069, 1934.167727,
2.07427943195e+32, 6.6104334332e+12, -2.07268493566e+12, -32436.5708163, -19638.0301906,
1.07988157352, 3.68308800495e+12, -6.22349012608e+12, -48904.1403388, -2406.37829327,
1.17308573597e+24, -4.85824047809e+11, -1.15280025699e+13, 40334.5610168, 31237.8976611,
0.544899487816, 5.97675994667e+12, 7.26680784744e+12, 47348.7301712, -45001.288141,
32482876.431, -9.2916027713e+12, 3.2354343001e+11, -37095.0050993, -4299.09274905,
1327064087.46, 1.0986940144e+13, -3.96981376737e+12, -18770.681388, 172.864660247,
21165126962.0, 1.21333726611e+12, 1.28253754891e+12, -5076.07350303, -37876.1506863,
102.043322527, 1.06487493142e+12, -1.19253466542e+13, 8483.82543871, 3633.32777277,
1.1207295785e+11, 3.62475357889e+12, -9.77785098833e+12, -26610.6379785, 15868.8065549,
2.10109339693e+29, -1.06671661722e+13, -2.56398801536e+12, -23101.0964721, -43706.1310041,
1.22121992472e+22, -1.47896395217e+12, 3.47452660533e+12, -11530.0960361, 2569.97943493,
7.07448165281e+33, -1.34334532738e+13, -1.20256013377e+13, -46957.9736678, -34536.265879,
35439962404.3, -5.23521482163e+12, -5.33106391611e+12, -39826.421911, 4213.60117468,
2700578722.35, 1.21131094038e+13, 1.16799367983e+13, 10964.8483106, 30371.3503284,
9.11057222421e+13, 7.45286190112e+12, -9.26922440986e+12, 39957.3315734, -31051.1861164,
1.89955339438e+23, -1.11475438573e+13, 9.15750011552e+12, -42049.7757328, 27109.4798104,
3.02329214199e+12, 8.91980162895e+12, 2.1780777403e+12, 48278.4866209, 31692.3310202,
9.6808967226e+27, -6.29745966527e+12, 5.53505797923e+12, -43649.7992459, 1418.67044443,
106.323252186, -5.95893600007e+12, -2.54696560884e+12, -25131.9754051, -40763.7021236,
25088658.3006, 1.53049666922e+12, 6.71861175312e+12, 43780.3830553, 40820.2986683,
6.30243770394e+32, -1.01665446158e+13, -6.77254407186e+12, 36874.4041643, -28131.4483321,
3.29118443813e+18, 2.5550388665e+12, -1.12680093234e+13, -45371.1115126, 13540.9505764,
8.62974327033e+12, -5.12974020669e+12, -2.05679389144e+12, -46794.4542098, 27918.8640703,
27904969344.0, 1.3134324033e+13, -6.03845532004e+12, 47181.2057012, 20473.172829,
1.66151907403e+29, -1.13782489322e+13, -5.86335290558e+12, -17565.9037316, 13632.7859706,
5.47252466535e+13, 1.04310134754e+13, 7.9517985412e+12, 27853.7164809, -35891.3802458,
1.42053661395e+29, 1.43163817942e+12, -1.28451033349e+13, -24836.1632041, 13644.9312364,
4.80914256324e+20, -1.21885945641e+13, 8.00803845061e+12, 24006.8532777, -17964.9404757,
11.7959685583, 1.12151426127e+12, 3.3274653564e+12, -16127.7533593, -10381.4825244,
3.88281438127e+22, 3.50735998942e+12, 1.01515541181e+13, 21559.8901602, -39978.4346549,
3.69692631168e+28, 1.32454479488e+13, 3.7122428526e+12, 35767.1890751, -6752.91748065,
7.84841891462e+12, 9.04762861931e+12, 4.24235680449e+12, 25047.9197391, -33838.7055242,
8.80691573864e+16, 4.68000038861e+12, -7.25835252991e+12, 19798.1027216, 26862.7905431,
1.06224125927e+27, -1.08766019273e+13, 9.63420191863e+12, -44921.689182, -23840.2957199,
9.18261712247e+31, -2.03898267025e+12, -8.36057525607e+12, -36703.5731744, -32208.8617319,
7.71281891911e+12, -1.04360585164e+13, -1.1848946844e+13, -47034.8640317, -23065.5904654,
9.34422571244e+13, -8.1867599841e+12, 3.19854094364e+12, -32899.2471019, 23810.8119657,
3.86403652424e+18, 6.78906779282e+12, 9.10910480246e+12, 22950.2186929, 35251.5012559,
765857113.54, -3.03216991189e+12, 1.12627218776e+13, 48145.8464531, 44479.573421,
5.59166068494e+20, -4.30743010366e+12, 2.96114873442e+12, 9116.20637987, -16782.7588952,
5.03616731838e+23, -1.30217550623e+12, -9.64330830012e+12, -24400.6389715, 34594.8498784,
1.24840451108e+29, -5.44463457028e+12, -2.71826000392e+12, 27533.0719096, -32743.6388222,
14.2513382705, -6.56586531771e+12, 9.87674513243e+12, 42203.9233467, 5475.59363077,
8.0032509359e+21, 2.45131916291e+12, -7.98710315947e+12, -26238.7057964, 49376.5676575,
4.24528463061e+13, 2.77935949579e+12, -9.04299301738e+11, -23744.5659202, 9965.64943035,
3417513836.01, -1.03075717337e+13, -1.3332696204e+13, 520.838986899, -13862.7277902,
7.81465796235e+18, -1.18669864031e+13, 3.83729040193e+12, 5740.76003322, -16969.4918523,
412273.775934, 2.13024822977e+12, 7.28210604156e+12, -14244.8787139, -43390.5158773,
9.88936574851, 9.75036722721e+12, 1.90317221083e+12, -13.1230040663, 32247.8415173,
26199783.5144, 6.08481477062e+12, 2.30187012318e+12, 37123.7197706, -20302.2098159,
1.36501094562e+21, 2.70771924454e+12, -5.08799157583e+12, -20040.5783615, 34272.7653021,
5.55028337519e+27, 8.25132892206e+12, 5.88151335764e+12, 6054.63747925, 47513.2062201,
2052812460.76, 4.85888473355e+12, -8.14368862623e+12, -16106.675333, -11253.2461099,
1.70819428614, 7.73660145815e+12, 9.38849294511e+12, 2177.09574709, 242.877184936,
42015229691.4, 3.26740259317e+12, 2.01694770106e+12, -6369.42884563, 27973.2756132,
8.35713186698e+15, 9.39556256609e+12, -7.38097705569e+12, 6758.0120672, -39370.3514847,
1.28071093149e+25, 8.32618388747e+12, -9.67278054137e+12, -8550.70894681, -14088.6983866,
242.492261889, -8.2065044538e+12, -3.61545357991e+12, -21995.8775233, -37400.0636895,
75126992452.8, -8.85659509299e+12, 1.28623149038e+13, -49888.9270469, -35450.542931,
9.67505745282e+17, 1.29862212946e+13, 5.0490141762e+12, -47798.4959682, -21325.8354424,
5.74993557403e+12, 3.65684308879e+12, 2.77409783888e+12, 12715.1907332, -3669.11148594,
0.430087948026, 7.27372181294e+12, -3.90456497047e+11, -23767.4807545, -34062.266305,
1.03372763893e+23, -5.92508140624e+12, -5.30173785847e+12, 26772.5061878, -8906.42041485,
5.92796007771e+16, -2.53738981486e+12, -1.27228062354e+13, -48007.8561429, 47278.7187417,
4814.52773975, -4.14984431156e+12, 3.77077630264e+12, 43842.3970368, -31380.120223,
14153.1655105, -1.78267458356e+12, -7.39451336532e+12, 19203.5326576, -30469.9989898,
6.49116695666, 3.13128317405e+12, -5.12836217973e+12, 3371.34784579, -26465.2454553,
3.1181771539e+22, -1.63932950772e+12, 1.01774491986e+13, 22724.6531147, -49737.8380902,
2.13817837361e+27, -1.31212087722e+13, -4.58815626605e+12, 13561.6227176, 12117.1404305,
4.3838095024e+16, 7.20902734991e+12, -5.57645861942e+12, 8449.78290427, 35924.2106507,
5.21678723671, -1.17606796729e+13, 4.69499908998e+12, -33214.1887782, 33414.476551,
2.41969684017e+15, 1.2720593248e+13, -1.31630120739e+13, 21996.9102294, 4828.64212092,
137.776406581, -1.12234178063e+12, 1.39745695789e+12, 21787.3606888, 9131.18576025,
3.86486116409e+19, -1.10671787208e+13, -7.49922783289e+11, 14839.538198, -22146.2805501,
1.97434407986e+30, -5.29862090954e+12, -9.54934185764e+11, -24644.3985774, 11262.7517368,
7.34897286316e+31, 1.3055615502e+13, 7.75876161876e+12, -13055.3360998, -33784.795761,
520889.830052, -8.89876525202e+12, 6.76203879125e+12, 13930.15541, -44918.080592,
1.07898498498e+14, 2.46851010093e+11, 1.20144165286e+13, 4362.10111126, 18725.2708944,
2.62404978278e+30, -7.71545191107e+12, 1.23707603875e+13, -21460.8992838, -1528.56327114,
35805.3224024, 1.05846020298e+13, -6.79862145732e+11, -3960.17993311, 47700.0353616,
222001.441734, 1.09798603533e+13, -8.53457148288e+12, -7201.06845515, 44538.2653387,
1.0276038464e+30, 4.04344244224e+12, 8.72159779842e+12, 39053.7027951, 39771.884733,
1.5824495831e+14, -1.29332697626e+12, -1.0026432268e+13, -2406.68680109, -43775.2283679,
26553.6789385, -6.64729372272e+12, -3.82325435015e+12, -48524.182928, 7961.43266603,
1005971.87815, -2.00939538827e+12, -5.26505184144e+11, 36370.5318705, -45674.0897324,
2.18233485667e+19, 8.23678416474e+11, 2.77928015143e+12, -49035.6819376, -17556.0809823,
1.54237096832e+23, 8.34998955109e+11, 6.24050653358e+12, -6414.60584863, -33417.4211405,
2.14860782595e+16, -1.03226728563e+13, 8.11858209499e+12, 43868.6788383, 2006.99052489,
2.20104568229e+12, -1.17667129781e+13, 1.11757959746e+13, 17224.8136499, -3593.85933746,
546158320.903, -2.43479381684e+11, 4.5263314914e+12, 18267.310147, 26770.0912466,
1.47026111702e+11, -1.08634742812e+13, -5.94951043184e+11, -41466.0699894, -5797.03059007,
3608119.60824, -1.23964595939e+13, -3.16194267555e+11, -37925.3590403, 47644.8052457,
3.83583109995e+14, -1.24185322036e+13, -6.23515511704e+12, 30359.843039, 18647.3519087,
3136.52266861, 1.09258697816e+12, 5.25045428303e+11, -5725.76314513, 20803.9107019,
1.4180882082e+17, 1.18033163213e+13, -1.17943145223e+13, -13509.1267989, 24869.4202343,
5.4958023671e+26, 6.68636085833e+12, 1.33386700423e+13, -46017.8035264, 48999.3822437,
413058.383259, 1.2488397704e+13, -5.54893122861e+12, -19078.2025207, 38322.6888162,
6.17494717372e+30, -9.01767187672e+11, -5.02434457195e+12, -39033.2869561, 36539.7685366,
109154714.093, -3.05234294889e+12, 1.15877619513e+13, -39097.1333489, 38609.6048956,
1.09868267257e+11, 8.59123557825e+12, -9.3999863592e+12, 30277.2938593, 6405.65957378,
126.722287907, -6.70254326129e+12, -5.88486782086e+12, -6362.09162665, 44244.1915643,
1.70410468182e+11, -9.83710618384e+11, 1.07621020617e+13, 17516.6254659, -2183.04047326,
1.57748170529e+15, 7.42927682396e+12, -6.686733825e+12, 16962.1922788, 33909.8591298,
1.76350022201e+25, -1.17396587448e+13, -2.06273828335e+12, -39868.1850735, -38348.3520357,
3.92103262968e+31, 1.77253113182e+12, 1.03226925298e+13, -28865.705436, 18885.3947288,
9877968596.34, 5.60063575894e+12, -6.12259764264e+12, 4708.89054245, -21101.0050202,
3.41584262974e+28, 1.84307706767e+12, 9.83024305385e+12, -12637.0295572, -31909.6822123,
8.45212621614e+27, -2.67243860006e+12, 1.0025059456e+13, 36892.5194219, 18211.044514,
2.29619084719e+20, 5.61742302722e+12, -2.91752365505e+11, 24903.4484041, -16367.9659087,
196499235.17, -7.90212288875e+12, 5.30458278462e+11, 11760.2448955, -20994.5688537,
37853.9473788, -7.68183487532e+12, -7.38062841014e+12, -36445.8045438, -6480.12020134,
153.59205221, 1.89397221385e+11, 6.80121714261e+11, 49419.3904554, -350.194985695,
3.52781924152e+22, -31640334003.5, -7.94610530223e+12, 28741.8025285, -44587.6681384,
8.63973876081e+23, -5.46912620375e+12, -6.04850327445e+12, -25266.4516505, -5393.75034047,
4.27584638309e+12, -1.01138469977e+13, 1.27333607707e+13, -42275.7579211, 15721.4633077,
1.63527929301e+18, -5.62449845839e+11, -6.28512470002e+12, 4170.45470999, -12251.7387021,
6.38729494374e+23, 1.29215137537e+13, -7.19604049066e+12, 34646.7850621, 21821.305824,
545071.977481, 8.86497408627e+12, 1.19639179607e+11, 40633.7067103, -5476.8999863,
1.36964281312e+30, 7.48350587312e+12, 2.8708164499e+12, 23354.852573, -40677.578983,
559.661092329, -1.22929100688e+13, -5.41918193204e+12, -25410.59033, -24707.7203391,
1440.10731848, 1.09149635899e+13, -9.62710893263e+12, 1469.30940166, 3616.85035759,
2.22302475965e+12, 6.43225852049e+12, 8.33458135449e+12, 32767.5373743, -15387.666344,
1.50760786262e+16, 8.39891587759e+11, -9.90290583276e+12, -32355.5356289, -1221.51542372,
7.58587791975e+23, 1.16218768383e+12, 9.25878348352e+12, -27722.4402595, -49052.9566257,
170253.219131, -5.23073888181e+12, 1.07467792377e+13, -35954.868609, 8657.96859824,
6.47780351869e+27, -1.06209824823e+13, 1.27989137376e+13, 24307.1370919, 22127.9240975,
8.19348942938e+20, 4.42258669935e+12, -9.71178473636e+12, -48324.8672365, 43776.3884266,
5.54271540961e+17, -1.08567051213e+13, 7.44613975677e+12, -16820.5482749, -35996.9398594,
237211.419805, 9.11401777535e+11, 1.1694152497e+13, -18141.5228242, 45210.0171297,
2.38066096749e+32, -1.19157163667e+13, -1.33459359939e+13, -38577.0640672, -6023.94557923,
313250.151884, -1.2710898159e+13, -1.01354839846e+13, 37408.3682169, -1487.46566763,
1.32452121611e+29, 4.16616135179e+12, 1.17460830112e+13, -19721.1352375, -39674.2876213,
1.18960499601e+26, 1.09061002037e+13, -1.85228936067e+12, 47599.1577557, 6246.3968845,
5.31796216089e+14, -6.6868503225e+12, 1.18622180049e+13, -30835.5597601, 2829.63685813,
1565.92968852, 1.90482512387e+12, -4.58190191881e+12, 20815.7685192, -14261.5317498,
4.78381812904e+16, 5.91251057499e+12, 1.18643218812e+13, -44089.1133837, -33961.3637212,
2.71173086179e+14, -1.05522083241e+12, -6.94243984126e+12, 12769.9883148, -17829.6507792,
10721132.4915, -2.52811671584e+12, 9.9698524383e+12, 4066.97834049, 40100.3902507,
3.84829128443e+24, -9.84755167717e+12, -1.22896913558e+13, -34548.7144087, -22281.5268256,
32800.214065, -6.72334717118e+12, 5.95959715164e+12, -3575.5336113, 25522.9292062,
1.75311608231e+30, -1.836763027e+12, -1.14240865532e+13, -4677.31456998, 34409.0223092,
11083807.2383, -6.85500592102e+12, -1.31123458547e+13, 24832.4302109, 14433.6806119,
2.60240151676e+28, -2.05568538976e+12, -3.26412177771e+12, -46851.209284, -49195.2875709,
39126315180.1, -1.27872536354e+13, -6.11882199395e+12, -35016.0041557, 2324.68913656,
7.1427238648e+11, 3.96245451693e+12, 9.20193136573e+12, 47943.6525098, -18605.4378807,
1076.20932461, 2.86194840549e+12, -1.10112996224e+13, 16051.1636772, -29133.0126907,
2.15928843852e+26, -1.82915205783e+12, -1.13242185054e+13, -10617.3100309, 38227.5341305,
9.97007954195, -2.2612179358e+12, -5.45569824157e+11, -31266.4162457, 44321.0119486,
33.4137342748, 8.87218281112e+12, -1.26330486795e+13, -49280.7669654, -9721.47502149,
5.75165686552e+26, 2.37727012947e+12, -1.17268064008e+12, -34247.8705775, 37619.9452338,
927177.837936, -1.26560800001e+12, 4.69448584564e+12, 26377.5022886, -40377.1086084,
607.740056203, 3.79726786029e+12, 3.84402464446e+12, 42683.2018118, 37039.3248996,
17262.1299763, -3.85644629794e+12, 4.40497522853e+12, -8924.993061, -39579.4211173,
1754.12733567, -1.23784567792e+13, -1.23757897325e+13, -49922.7810984, 39032.5264029,
22992331995.1, 5.75805076408e+12, 1.32624251253e+13, -39558.0388698, -2650.31487379,
26960037441.7, 6.65448579025e+12, 6.88755737704e+12, -42023.0934647, 20782.1269054,
341.277577762, -1.04518156752e+13, -5.00448843412e+12, 46618.6830315, 34024.3099595,
8.67634974474e+14, -1.81568340445e+11, -3.81947281438e+12, -7568.65936784, 10748.7155347,
9.74140672644, -4.04639876995e+12, -3.46421970691e+12, 42386.3273392, 39304.8192173,
1.68991329852e+32, -5.9760194867e+11, -6.48347145487e+12, 9987.47789825, 34365.1823694,
3156155.44453, 7.42268856432e+12, 1.24058182397e+13, -32549.2954391, -6693.70267495,
1.39596812912e+22, 1.28598408354e+12, 7.32941127613e+12, -11294.3353195, -589.367191529,
1.76089367412e+29, 4.26948700049e+12, -1.01919751243e+13, 19567.5081809, 36845.2613342,
4.6847544011e+15, 9.41002287823e+12, 7.19042329769e+11, 17247.2548313, 821.958056244,
15545907.4606, -6.00768214001e+12, 5.57992739586e+12, -24844.5590191, 40138.7369833,
5344094.61665, -4.96053777707e+12, 1.63440429058e+12, 20543.5722369, -2305.19715326,
1.18191753033e+13, 4.22088312701e+12, 1.25822740394e+13, 29084.1540321, -45693.0805969,
1.16169564525e+17, -9.04762571687e+12, 3.32073148114e+12, -29734.5833262, 35189.9841215,
2.08345197729e+16, -1.15206048682e+13, 1.33955837193e+13, -14043.7908729, -30309.5799064,
3.37578739274e+24, 4.48006844324e+12, -1.13796763066e+13, 28119.9880264, -30139.3233066,
40048.8785335, -5.25271604044e+12, 9.52803002244e+12, -17816.6639551, 32094.0379334,
5.96685414636e+17, -9.91661170043e+12, 4.07055279923e+12, -22791.370111, 48407.4784868,
2.82840405225e+13, 1.03814465735e+13, -1.25393295193e+12, 49597.7860268, -34118.6837617,
5.00670201363e+21, 8.2498151819e+12, 2.07705071489e+12, -10381.1951569, -14695.9630313,
358611.236557, 2.03624128436e+12, 2.7833019629e+12, 32129.8666698, 45396.6133464,
9.93218361182e+17, -1.02825245951e+13, -3.61220073858e+12, 18016.1491594, -13864.527236,
45.6663969576, 1.27335223089e+13, -5.22686498515e+12, 28079.4979017, -30536.7683036,
1.56215162945e+14, 4.97419177243e+12, 1.07944513623e+13, 3541.02205174, 13348.7201036,
5.74389614497e+21, -7.6972957384e+12, -7.86713068755e+12, 24027.5114933, -45956.9075222,
7340218036.34, -1.24475804712e+13, 7.74919931641e+12, -30746.0557446, -20793.6072558,
1104.90361984, 3.85917579553e+12, 5.91277825882e+12, 18773.9850765, -41717.4537269,
4.04147360304e+22, 8.36193344125e+12, 6.52958744902e+12, -4736.62700242, -25295.1327381,
5.86664848439e+30, -1.25368601722e+11, -6.16711116245e+12, 12934.7952068, 6845.39761954,
3.1396278843e+12, -7.08018355765e+12, -1.25396939048e+13, 35858.635632, -29493.1300332,
4.54119317971e+29, -3.09895609919e+12, -1.12185173316e+13, -45100.4385811, 16681.8971169,
33.054824179, 7.45523067214e+12, 7.47933559698e+12, 48568.5169237, -20364.5050049,
4.57257797488e+31, 1.21520441125e+13, -9.14175841021e+11, -48816.2726994, 24548.2203631,
1.24332127557e+13, -1.3014623244e+13, -1.94324952897e+12, 32716.2429845, 37585.3438878,
1.27987811098e+19, 9.09930494638e+12, 4.59446514019e+12, -24756.7556007, 49069.9771479,
924554828.442, 1.93953793792e+12, 1.16601595662e+13, 42662.268818, 44965.9318249,
1.7923392527e+30, -1.02149557234e+13, 7.04235552631e+12, -18751.5594504, -15451.716396,
5.89352423857e+20, -1.55728512869e+12, 8.02961276947e+12, -47862.3585574, 45465.2556652,
8.27291453242e+28, 4.05190638201e+12, -5.87904902422e+11, 43950.4726378, -13796.4824019,
2.35376715508e+29, -5.1944183697e+12, -1.19567369357e+13, -45901.1920327, 38970.3782665,
138172387.35, 1.33186230176e+13, 1.13096287224e+13, -4144.09804288, -42584.0075022,
8032.60224954, 1.12707577331e+13, -1.0633139453e+13, 24751.5032982, 15584.677671,
93309476318.0, -7.85891185582e+12, -6.69001597848e+12, -5906.9305965, 28569.4335716,
14527055.1915, -5.13645053307e+12, 1.31566030838e+13, -18569.5633177, 8895.41904964,
7.69454403478e+20, -7.05848152429e+12, -6.24294653548e+12, 14306.156326, 29572.5478922,
2.00051632894e+22, -1.21675467416e+13, -5.35413946552e+12, -14316.041138, 16427.2751134,
6.4137201077e+29, 2.23931848992e+12, -5.71353294267e+12, 24865.5905077, -34515.6170061,
1.27655475123e+31, 2.29557406948e+12, 2.84706029043e+12, 2007.13781221, -4859.53649022,
5.50625946406e+13, -8.01989559394e+12, -5.81046733538e+12, 1199.27369343, 28441.4927006,
4.20990544641e+31, 1.02499162372e+13, 1.04235466474e+13, -25166.90218, -8792.30933291,
3112553629.37, -5.81479596365e+11, -9.77516486616e+12, -44945.4357078, -10365.8344101,
273.706888412, 9.34254884797e+12, 5.25864395188e+12, -17053.491167, 28322.8334168,
1791157.88035, -6.41125578812e+11, 1.24618638251e+12, -1928.99751715, 40502.964854,
1.52848951859e+18, 8.91005611416e+11, 4.22483841668e+12, 34340.1565456, -9490.08670561,
2.29630483714e+30, 7.93465201019e+12, -9.18810375368e+12, -19131.1701134, 7357.60394107,
1.00326834087e+16, -6.27315878665e+12, 6.17689539537e+12, 11101.4072652, 20744.2307143,
9.64903165728e+24, -7.15578139128e+12, 2.32905410019e+12, 37523.3088265, 16948.6481221,
2.47754999136e+16, -1.17702559932e+13, 5.00546316775e+12, -21860.0340257, -13998.4839622,
5.26680003075e+27, -6.71583801431e+12, 2.72543634186e+12, 42648.7966808, 13443.6778877,
6.49759716239e+20, -9.02771476651e+11, -1.29449162944e+13, -27082.4496406, 10109.2061477,
8.51945197116e+32, 1.16801316845e+13, 2.89196375805e+12, 25423.2118537, 23769.6595255,
0.89807161077, 1.01858347419e+13, -3.85210137662e+12, 18082.5959263, -29224.5373835,
3.27486655491e+19, -1.1468823752e+13, -2.09557762072e+12, -1486.35290956, -870.626731447,
4.15042023598e+32, -6.05983396192e+12, 1.34346109133e+13, 37270.4733404, -18956.9950062,
2.68473456593e+16, -7.34303481766e+12, -1.22302599239e+12, -25093.6067413, 45561.4593367,
9.50785177524e+15, -1.31187828851e+13, 1.221111757e+13, -427.138623472, 30523.4533298,
18257586.9425, -6.59997599749e+12, -4.81586350454e+12, -17929.3581837, -42253.8574095,
2.2220008585e+14, -9.61161208737e+12, -2.20604750465e+12, -36678.0928164, 8627.73625446,
4.81111727607e+20, 2.00979202672e+12, 6.44879062498e+12, -44388.5874731, -1618.06147977,
1472452219.08, 1.20090867603e+13, 5.13694132804e+12, -5080.28439662, -19496.2780149,
3.07005533409e+23, -1.33431943253e+13, -6.48223047592e+12, -6999.60662657, -41131.4724363,
3938592.6495, -3.98537305973e+12, 1.19544582895e+12, 45972.8632112, -6558.25110672,
5.8461276957e+21, -2.39539873444e+12, 5.01081856805e+12, -30279.6610715, 13973.1231406,
8.80673602161e+15, -1.4149839404e+12, 3.60661495401e+12, -20041.8084766, -20839.6184603,
188.938904291, 2.37407168345e+12, 1.40470649007e+12, 31651.6250439, 22486.3982049,
102907212.585, -3.46028766829e+12, -6.84079108464e+12, -47351.4605435, -46419.7194703,
2.92531548058e+13, 3.69966151782e+11, -1.09671071736e+13, 20315.9482067, 512.80636527,
401.827428685, -1.08686477192e+12, -3.61909055226e+12, 48900.4621273, -45647.6730836,
3.36790667891e+24, -5.22873873923e+12, 8.76059057171e+12, 29314.1778548, 39253.5908152,
17441942.0847, -7.2096084824e+12, 1.73666363959e+12, 47271.3655215, 44906.190474,
1.24102149073e+21, -1.08906648911e+13, -6.9490199597e+12, 7924.60123272, 45705.4003764,
1.53374910563e+19, -9.07851264027e+12, -4.57317282384e+12, -23544.2460649, 33860.5515687,
1.53113009819e+11, -1.49683852244e+12, 2.04440671582e+12, 32119.5243164, -48184.568405,
12196908.3375, 1.77654994189e+12, 7.10872497528e+12, 33196.5140348, -34499.3117384,
152782.396045, 1.29313346297e+13, -4.72904306857e+12, 14120.0975397, 14192.8682011,
214923468.427, 1.12322235365e+13, 5.41599881364e+11, 12980.4076452, -7643.22454255,
1.80851050206, -5.08938245467e+12, -9.18555685946e+12, -38297.4991361, -44155.375949,
137685853.807, -1.25666495456e+13, -1.20636538704e+13, -17036.3311073, 12436.6848026,
77377.7466173, 1.01016627815e+13, 9.49036373602e+12, -49849.605177, -947.788788999,
5.38440881276, -1.30657407284e+13, -8.75788283919e+12, 1868.78716486, 47896.4532203,
3.90638156074e+26, -1.02984632336e+13, -8.82660046836e+12, 16408.2717312, 4347.30392855,
6.20664990338e+17, 2.27474121773e+12, -1.3133480483e+13, 48828.8085669, 30139.8553246,
3.9182207923e+22, -7.7854095872e+12, 5.34293306358e+12, 47984.3906202, -28835.9517268,
8.82302617657e+20, -4.64901912414e+12, -2.42685224685e+12, 38985.2471071, 7655.34006279,
406104932.056, 3.8298241436e+12, 5.78507233014e+12, 11019.7978556, -26701.7885262,
6.97050298243e+26, 4.94696799564e+11, 9.61639767529e+12, 48450.6090414, -21963.5685731,
2519872.32505, -1.96179039792e+12, 7.7912791955e+12, -27984.5739754, 44988.2889167,
1.38867902445e+13, -1.06159895052e+13, 8.92516464804e+12, -21610.4513708, 3932.70467504,
2.42566096887e+25, 7.98115681983e+12, -1.08308920798e+13, 45561.2402854, 36245.8244422,
9.2966561959e+15, -7.64082376376e+11, 1.07445971838e+13, 42410.9117599, -25370.9733961,
4.39325138698e+31, -1.28912892629e+13, -2.36394729367e+12, 26138.6606615, 28732.9230497,
746192.539878, 1.65976769531e+12, -5.71776726932e+12, 16122.7247091, 49850.4684737,
956.963682945, -1.33306867007e+13, 5.23723504889e+12, -13580.5218549, 10781.6835156,
1.24842585776e+33, -6.48158188359e+12, -1.14854121287e+13, -46478.1264868, -29836.9004885,
4.62383815407e+11, 1.23469467821e+13, -6.54905719953e+12, -27149.8651774, 23309.4673484,
2.65648707171e+31, -9.88209918987e+12, 8.41640049204e+12, 10596.8534749, -18173.9797283,
1.75975475752e+12, 1.08488691325e+13, -2.25401440297e+12, -27020.1842936, -10067.5778715,
4.63406165358e+17, -9.36624783473e+12, -5.29077214686e+12, -37166.8773124, -1012.11107935,
3.83211943126e+15, -7.9417156796e+12, 2.86270908563e+12, -12009.2267052, 28033.8243265,
1.90408410462e+18, -3.16766813103e+11, 5.60397944406e+12, 38386.8529124, -26199.7480386,
1.16189397234e+20, 7.56221232433e+12, -3.88609169133e+12, -1665.56118465, -45843.9190114,
31936851.0074, 1.60897690312e+12, 8.27513203153e+11, -30420.3792897, 36624.7796188,
1.23811745003e+28, 9.81235346387e+12, 3.40853191872e+12, 25213.8172227, 34533.8385388,
5.03206121485e+18, -9.20883978093e+12, -1.29125015909e+13, -9702.37715412, -31814.4677764,
104640428.886, -6.51148663983e+12, -3.76903296008e+12, 10863.3566908, -19491.1527452,
4.53611319771e+29, 1.08436662888e+13, -3.28137507167e+11, 27552.2995032, 45545.3743657,
3.67497003864e+25, -9.28505865705e+12, -1.05794287823e+13, 19523.1193983, -25359.448654,
8.4032881358e+16, 7.90707030602e+11, -2.70785015205e+12, -15526.2715418, 39527.7022992,
9.84928050918e+19, 3.27392523507e+12, 5.49569122131e+12, 2095.46270744, -8948.33400768,
1.25371456488e+18, 1.1721854561e+13, -4.24757857081e+12, 31594.4003112, 39154.5730936,
1013410.80808, -1.74253668276e+11, -7.82019930346e+12, 27608.1753894, -12235.7549612,
3484.34434502, 6.8634264282e+12, -5.11455634982e+11, 46287.5909027, -32155.7287356,
3.96721552382e+17, 6.27941408144e+12, 1.0648636208e+13, 33768.8232348, -9756.35604772,
2.25181297761e+32, 2.72609056205e+12, 1.11865611357e+13, -43626.4011914, -2061.96197112,
1.32133019882e+19, -3.06000736294e+12, 1.15337947509e+13, 38672.9656079, -35336.2839517,
3.42336616441e+25, -5.45373582372e+12, 1.14814896817e+12, 43703.052009, -23950.540902,
4.82588588184e+25, -1.50688628694e+12, 2.9675983765e+11, -33884.7799294, -37671.189796,
0.221333795518, -9.50232233394e+12, 3.40927690475e+12, 17073.3870091, -36450.3357389,
9.41679936726e+11, 1.00851622482e+13, -6.26726959147e+12, 25258.9560409, -16029.7356521,
2.82556626483e+20, 1.18719604488e+13, -1.83363989387e+12, -11965.0950271, 30965.8139694,
1946623115.07, 7.13956818901e+12, 6.46115441133e+12, -9293.48882283, 48447.0500886,
2.53832713487e+31, -9.84775541023e+12, 5.98550967924e+12, 34614.0911683, -5007.55200322,
2.56371260069e+27, -2.61291533495e+12, -5.34930224369e+12, 13562.4461264, -46289.0748457,
1.18010609755e+25, -1.19840626312e+13, 1.24187906143e+13, 46849.637171, 16186.6191027,
3.31615792646e+23, 3.4551644068e+12, -1.17038429462e+13, -15853.6099152, 3134.93211371,
7.037372192e+32, -1.32199203875e+13, -5.11662604048e+12, -33651.118366, 22644.8450516,
5.56915969943e+11, -2.54461936608e+12, -1.18031717081e+13, 37462.7675383, -14540.4549163,
88.8073386179, -9.54056210723e+12, 7.4281075381e+12, -21554.4473396, 33414.0964453,
13.6298776059, -1.04895056743e+13, -9.07577942924e+12, -8997.47436698, -21810.5941821,
9.30344129358e+22, -1.35358311605e+12, -1.27307885366e+11, 43194.0597316, -41736.5184079,
8.4735103583e+25, -8.77900144361e+12, -1.12376630487e+13, 43654.537463, -318.306823955,
5.13836963909e+31, -1.2605800841e+13, -1.18725895441e+13, 11736.0537723, 44453.5528658,
3.88285269954e+11, -2.76945652687e+12, -3.37640643331e+12, -10717.2795593, 30805.5403071,
3.82224892515e+11, 7.73413637228e+12, -1.10467289059e+13, -21013.2271408, 19097.1963065,
7.98092149419e+30, -9.99860341919e+12, -1.24935274582e+13, 40183.487791, 26257.4667126,
5.95605769177e+16, 2.79697732587e+12, 3.23593865696e+12, -39731.1161771, 4966.352481,
4.8722255094e+13, 1.21518105707e+13, 6.00504822991e+12, 43018.5540372, 2594.00876625,
5733423778.07, 7.50014312452e+12, 9.54505578424e+12, -17014.8247841, 22011.2505906,
1.10853489303e+27, 3.5820118709e+12, -1.10992023829e+13, -3143.61453274, -23028.1095661,
7.20126343777e+27, -6.83403348325e+12, 1.72191125274e+12, -20078.2189773, 29755.8665115,
3.91995773267e+11, 1.19460064847e+13, -1.00567073109e+13, -35043.5360437, 10830.1800381,
1.38929604643e+24, -3.90522879938e+12, -1.10499406077e+13, -41274.1640503, 24163.6023171,
9.03208037115e+31, 8.82731035757e+12, -2.08880160007e+12, 5361.16009616, -20663.4270261,
4.7289615123e+28, -1.3153818605e+13, 1.0405626861e+13, -27691.2657621, -30320.1982754,
3.26240166327e+23, 1.33039515409e+13, 8.65454330806e+12, 28674.5540774, 35354.8838408,
6511846374.78, 4.07269070687e+12, -4.52742621017e+12, -36879.1269782, 42141.583155,
98826.7844107, -5.52131628037e+12, 1.13752730784e+13, -24182.9456204, 38588.1690828,
4.11748449001e+31, 1.04362342245e+13, 6.28451425299e+12, 1472.55719987, -23092.126609,
9.97129711364e+17, 1.17316283235e+13, 2.01009850857e+12, -6150.31657057, 10965.9319158,
3.5441141038e+30, 1.0877582204e+13, -1.43550536524e+12, 17866.3930241, -40591.5626806,
1.32410729254e+11, -3.22001432168e+12, 1.19384051845e+13, 16552.2796638, 20779.3950876,
32591522614.7, 8.74264979479e+12, 2.2153506005e+12, -24461.4406164, -13632.833031,
3.65550212732e+11, -3.94127001973e+12, -1.20634299032e+13, -21402.775444, 43799.9278258,
3.59954979225e+13, -6.7356091612e+12, 1.74814246832e+12, 100.999308638, -13849.1916133,
1.07734512452e+19, 8.82811805207e+12, -7.13406962113e+12, 36774.5678786, -22656.7384305,
40478.8867187, 5.06261672606e+12, -7.77240713299e+12, 29699.629081, 9407.30223131,
8.07275047385e+22, 9.60451007667e+12, 1.0282903593e+11, 44726.9070016, -49022.9450241,
1.04742588034e+24, -1.99823667707e+12, -2.84784222327e+12, 32552.7499917, 30404.5065777,
1.34110407415e+21, -1.45440850057e+12, -5.55429524452e+12, -44813.8731611, 15464.4960274,
5.97214869218e+17, 6.71544315196e+12, 1.15450335377e+13, -32688.3967246, 14607.3232196,
3.21837192856e+31, -5.10170646003e+12, 3.20953147479e+12, -29396.8128724, 45066.4916582,
3.4249602779e+27, 1.10094823518e+13, -1.11037886103e+13, 42728.1606157, -22410.9909297,
5.43052030049e+12, -6.60183503304e+12, 3.89079641709e+12, 3910.73750984, -38028.4694632,
6.06513529488e+30, -8.65250266812e+12, 1.22535385593e+13, -21129.1492339, 40997.5922765,
1.39080417558e+15, -1.56793789358e+12, -3.64314463883e+12, -19254.3849161, 49869.3511079,
79179370302.4, -7.30445537101e+12, 4.07952830043e+12, 17951.1111348, 30470.9174513,
3.28542432561e+13, 9.49848022341e+12, 7.65558222948e+12, -28624.4125759, 35280.0865595,
5.9324088707e+11, -1.27254772868e+13, -1.91652793083e+12, 5143.81615685, 1413.79553643,
88.6622042694, 2.47922622993e+12, -8.10654116282e+12, -6775.05190752, 28235.0005356,
14692801.6488, -8.239321866e+12, 5.13988567619e+12, -46245.9997651, 28147.9426917,
9.94787681522e+15, -1.8657863885e+12, 5.7555137838e+12, 1938.35217829, -35971.3155541,
1.07681833678e+26, 2.98835135293e+12, -2.20611208356e+12, -27593.790936, -28416.5023236,
381845548.242, -1.08665739774e+13, 7.72360270376e+12, 49232.7179383, 17792.4565623,
1.13389403293e+16, -6.14924053449e+12, -4.02693545294e+12, -5420.69628967, 24004.4858,
2.27996294757e+19, -1.34477635504e+13, -3.1697695062e+12, 21392.4111999, 21965.4955692,
1.82060656253e+16, 3.1793660592e+12, -1.33597125301e+13, 27594.8961097, 27179.2632351,
3.90678083051, 1.53567431962e+12, 99623949470.5, 1101.51652881, 33441.1711311,
83.8167001135, 3.99506508507e+12, -1.12556323881e+13, 43041.6520095, -16689.5313944,
187724.502982, -1.12762163922e+13, -8.18544795144e+12, -17536.3556674, -46784.2960967,
4.18919697251e+19, 4.0504905287e+12, 1.0947192949e+13, 27783.8223413, 29596.1454563,
4100500078.73, 1.28181892158e+13, -6.12536107294e+12, -16369.5551112, 49971.6558124,
7.15766338453e+14, -7.34322885052e+12, 1.17201766899e+13, 46330.2366268, 35284.3687389,
157143686.732, 5.04401608511e+12, 4.66048633441e+12, 22507.8867588, 49192.8280033,
4.10172184884e+15, -1.27051850612e+13, 1.16350990568e+12, 36637.258827, 6915.20297394,
2675190195.27, -9.47764669309e+12, -2.35631775123e+12, -19419.4978291, 31789.8514763,
711972643.062, -8.43284626117e+12, -6.27252723716e+12, 47557.1860527, 7914.59147315,
1.72253232087e+15, -1.01795200994e+13, -4.47652269661e+12, 34782.2504581, 2244.92529525,
1.47377407977e+23, 6.82942662876e+12, -3.40994626906e+12, -23759.4095398, 43209.1685363,
9.24457920171e+13, 4.42259396173e+12, 5.71644880671e+12, 4841.91574044, -41750.4923267,
10784723494.5, -7.59885241943e+12, 4.0499536777e+12, -12850.2828425, -4808.0538794,
1.92216877679e+26, 91193915978.5, 8.19992594385e+12, 41778.1195092, -7073.54363812,
7.26475538012e+16, -8.22599503251e+12, 4.30382227733e+11, -10609.8900019, -26027.0752598,
54062229.8157, 1.22243940492e+13, 1.4701471674e+12, -22313.6756498, 30694.4641634,
1.88462345937e+12, -5.72430134353e+12, -4.38015883664e+12, -40094.4921522, -23111.7307739,
29715539.9052, -6.41331709605e+12, 9.18265109253e+12, -7258.17602201, -18787.5972094,
2.63529814675e+23, -4.74605402877e+12, 7.12815562744e+11, -29401.4638898, 40411.1261444,
4.14352398236e+11, 2.47750186091e+12, -8.76296335218e+12, 31987.0725219, -10726.6690817,
4.50974362349e+31, 1.28863104583e+13, 3.35050222581e+12, -47807.1821148, 211.688793649,
4.94793644981e+16, 8.52911162525e+12, -8.45369414694e+12, 21422.1235208, -24954.0822816,
7.10943638268e+26, -8.57361617838e+12, 2.91929470497e+12, -49121.9243444, -28416.8158651,
4.10348517637e+17, 2.77739449308e+12, -4.24902792731e+12, 41312.4228313, 14527.9627264,
3236583.41545, -1.28488802525e+13, -8.58208714651e+12, 48675.9768388, 49872.5663113,
4.1560281569e+11, -2.842602678e+11, -8.30344082821e+12, 12676.1003955, -20511.247464,
5.09960679331e+19, -1.02084562735e+13, 2.08973889915e+12, 23558.0494982, 38312.8659283,
1.22031224881e+33, -1.19701034049e+13, 1.25476540819e+13, -32604.6948407, 876.355969674,
2.7978156498e+11, 2.7014058691e+12, 6.92923689571e+12, -9178.59531799, -5354.450061,
79318.3253835, -1.0688536226e+13, -4.12151079014e+12, -27470.3806884, 17831.0627667,
2.69195044515, 1.3188864059e+13, 7.44044396877e+11, 18473.0545602, -33773.7552164,
1.2298875288e+15, 5.12611513493e+12, -6.49275158052e+12, 36213.7937045, -30436.3126002,
9.06800567775e+31, -9.89265802747e+11, 1.12347938915e+13, -7242.60112788, 31195.5691683,
2.66162508917e+26, 8.61775034541e+11, 1.71157828714e+12, -17514.7466599, 27963.7198938,
4.04775423079e+22, 5.94243299328e+12, -1.33194792e+13, 14221.1515654, 28428.9041432,
2.92846765814e+21, 7.41387652608e+12, 8.01686916578e+11, 49583.4877683, -17105.4280251,
9695144245.07, 1.02315519648e+13, 6.49760594074e+12, -6655.64826896, -17366.5605205,
1.14630478248e+16, -5.27973393314e+12, 6.48024621369e+12, -31051.1144236, 24393.6685623,
2.41465977946e+17, 5.08384004979e+12, -1.11091100239e+13, -46134.683288, -42977.5251302,
1.31190368732e+33, 2.18966983348e+12, 4.1694786612e+11, 41418.4731346, -44794.2783396,
1192.00306733, 1.13885996642e+11, -7.68432954985e+12, -18181.4347442, -17124.594492,
3.96756841055e+22, -5.42599056097e+11, -6.74604668539e+12, 13827.5650596, -47816.5814867,
1.48238397982e+16, 1.12091776896e+13, 7.55942761596e+12, 6670.49070666, -47751.6922327,
2.09858513776e+32, 2.69683571751e+12, -5.60574310722e+12, -9804.9395078, -43594.8654883,
7451.11125166, -9.28588764644e+12, -1.11677620449e+13, 44865.463634, -3423.31931075,
1.39862588618e+23, -4.89566118704e+11, -7.34865388921e+12, 2246.45488588, -15658.1509467,
1.68980573743e+32, 1.23811374181e+13, -1.13112436365e+13, 40859.0830993, -7224.34331559,
1.51330371816e+13, 8.62291117555e+12, 1.33959775077e+13, -38041.7911093, 13366.6512354,
42083985.0272, -3.29789427549e+12, -1.48582124501e+12, 39961.5819348, 8868.77034423,
43944.0683906, 6.20590704402e+12, 1.12502682681e+13, -20052.1590335, -17279.0708866,
0.33710397437, 4.81456090918e+12, 1.07572418324e+13, 25903.5225159, -1881.06719092,
8197768102.13, -1.98023745047e+12, -7.78508914956e+12, -3333.35764796, -35622.3369164,
197038.935044, -1.33991543025e+13, -7.27681017134e+12, -18607.0073355, 18259.4566276,
3.233251218e+33, -7.74296620433e+12, -6.32916633497e+12, -42391.4042825, 44494.0651474,
5.86256832784e+12, -8.48782728975e+12, -6.88376834609e+11, -894.139764489, -28080.4748751,
1.80935757975e+31, 1.18094778359e+13, 3.12490831444e+12, 32012.8881118, 4655.18877789,
21276977934.4, -9.91572892268e+11, -7.04311131278e+12, 17939.0778246, 14595.556619,
6.50366803695e+22, 5.31176325721e+12, -7.62805217382e+12, -8402.95350506, 28194.9217165,
6.39380094854e+16, -8.47485978282e+12, 8.25705630864e+12, 45133.5440361, 13143.2671261,
3.67847651562e+19, -7.09614201002e+12, 3.86957772429e+12, 331.018537129, -33639.2527396,
5.73432766646e+18, 6.54525232106e+12, -1.00085250859e+13, -25799.2189843, -41934.0721553,
1.01338062751e+21, 4.36286775299e+12, -7.51073150511e+12, -40345.6287896, -13879.9620651,
1.53623231945e+29, 6.69003224678e+12, -9.77970410714e+12, -27040.1375349, 12268.3436115,
24463942989.6, -1.29225489526e+13, 2.22731344319e+12, 23475.741082, -4205.45950564,
15398857.326, 6.08397168663e+12, 1.26111667406e+13, 44222.4084164, 302.754356271,
4.35676686003e+16, 1.24755321302e+13, -7.26487861084e+12, -6190.13275996, 19348.6805386,
2.47744593363e+24, -1.4615700048e+12, -3.02719766724e+12, -18973.7804283, 36239.0219213,
862710.827333, 5.26447754507e+12, -4.77657671555e+11, -17264.5595204, -48216.6785668,
8217199.70766, -3.80230886836e+12, 9.84978854076e+11, -33517.0600978, -23836.8479784,
22.0194776737, -7.91654104659e+12, 1.12398135055e+13, -46570.5241008, -24587.707283,
22.6738061135, -3.48959559289e+12, -1.02855596856e+13, 21163.6367981, 24210.5037921,
3.60715296059e+22, -1.27434826325e+12, -1.05497947718e+13, 22703.424321, 43296.1549623,
5.61019160534e+31, 4.71850832572e+12, -6.79028169228e+12, -24866.0335833, 36215.4574608,
