# mass, x, y, vx, vy,
4446530190.3, -2.38183559868e+14, 9.52402889843e+14, 29046.5246912, -29959.359807,
2.44194830068e+20, 9.77934914104e+14, 1.27177525297e+15, -15767.9497783, 2270.53401394,
22.6669238235, 2.17129066134e+14, 5.19609226882e+14, -1468.89741942, -11690.3275309,
1.82963721299, -7.83241925004e+14, 1.04527892331e+15, 317.573325052, -7991.83486139,
1.26226676279e+19, -1.17229819163e+15, 1.82610470324e+14, 2143.1722755, -40491.2508744,
3.7734812293e+25, 7.46583673016e+14, -4.86451134652e+14, 43638.9050539, 7055.29352366,
1074.29562715, 1.19778052904e+15, -1.63400518006e+13, 38635.817738, -15772.7396077,
9.86753952419e+22, -2.36621267084e+12, 1.22752550787e+15, 41844.051536, -3900.6505865,
8.02121714833e+21, 1.11300837289e+15, -1.06260543065e+15, 14230.8222945, -13391.413199,
2.47873657851, -6.49658551113e+14, -5.82090846267e+14, 15371.5703343, 46688.3574678,
316.826864243, 7.23993335428e+14, 2.5777757826e+14, 27476.6783623, -14669.4373357,
7.75022115848e+22, 4.45608252554e+13, 6.61283570808e+13, -16951.1073812, -22421.5690512,
1.60941865797e+27, 5.25696406383e+14, 1.01763590179e+15, 32443.4971533, 21966.8672754,
1.5261615799e+25, -2.362900256e+13, -1.04675115626e+15, -28953.1358888, -13558.3595407,
5.46891815428e+22, -6.68564615139e+14, -8.19105688735e+14, 24345.1248531, -74.6658482088,
1.46031488202e+15, 1.01169464875e+15, -5.07700413949e+14, -44060.3750732, 4360.90990407,
4.62710406653e+11, -1.01036078349e+15, 1.18026952474e+15, 29686.5959032, 43467.0052313,
1.74735354358e+16, 1.08309030858e+15, 1.13882487469e+15, -25004.3630669, 6996.83421686,
2.33028167459e+23, 5.34951465569e+14, -7.75436745627e+14, -42140.1193012, -29781.2815699,
1.21852023246e+31, -9.93097003343e+14, -1.30006566828e+15, 46497.7097431, 45836.6207095,
6430173.73792, -5.81752557333e+14, 5.92695299133e+14, 35097.3992922, 38957.9456763,
1.27071664908e+30, 1.15051777879e+15, 7.71699975602e+14, 33349.9021746, -46658.2422421,
3.27496954306e+13, 6.30320340758e+14, -2.37707115362e+13, -13567.9807049, -40782.6707403,
4951458.75877, -8.44575303686e+12, -1.30517576783e+15, 8393.5394452, -12840.8479878,
1.16614881837e+31, -8.15153660424e+14, 3.05190368758e+14, -9466.15367487, 27443.1550946,
3.88359919557e+29, 3.7003056731e+14, -8.64660483249e+14, 5195.77034519, 10155.6298266,
5.54367358285e+11, 2.92281228035e+14, 1.08015862454e+15, -33898.6516234, -22403.5182635,
1510.9654404, 2.74293135557e+14, -1.12133199284e+15, -43561.5674634, 10302.5925029,
5.32009452732e+28, 4.74581715508e+14, -1.86238263581e+14, -14048.243355, 11645.7497103,
20366406.6483, -3.60497173474e+14, -5.80078817177e+14, 7279.48282497, -164.341728757,
3.71966142899e+23, -2.3680172716e+14, -1.54563606513e+13, 14099.1479117, 40786.8221241,
3.99386113088e+22, -7.45808247954e+14, 1.16540448573e+15, -30411.1747504, 45431.5195024,
2.52979884545e+32, -1.23017720527e+15, -1.6918605494e+14, -134.411847624, 19261.0438358,
36075274.7276, -1.28313309519e+15, 1.04746592386e+15, 9320.72172207, -21371.27521,
3.98414977363e+30, -5.3093136759e+14, 1.01093250429e+15, -41970.4446279, 33773.6812468,
7331.03949616, -3.35705414544e+14, 2.59413333196e+14, -33654.3504568, -25110.6583838,
1.58998892777e+18, 2.32746044192e+14, 1.21393826882e+15, -24864.6435317, -42696.4520758,
1964.83417568, -1.15555693459e+15, -8.2977562021e+14, 27608.3601021, 12529.4919873,
1.14968789295e+20, 9.84812857753e+14, -7.05756824127e+13, 33441.3260541, -1754.04717061,
125.219935555, 2.01260298067e+14, 1.97800168256e+14, -23013.5088601, -28738.8289043,
3.40097433167e+15, 6.52959060517e+14, 4.03230742311e+14, 48878.6763865, 3424.1083512,
1.88521109963, 1.15479794868e+15, -5.09167257892e+13, -22525.841787, -34061.1914022,
6.22175065614e+13, -3.8355216863e+14, -1.24486199193e+15, -34642.5311167, 13944.6706637,
25235278.8473, -1.16967408867e+15, -9.92303280878e+14, 33762.0533853, 46335.4139698,
1.30645044549e+17, 1.2540969133e+15, 2.36286200448e+12, -11614.6279981, -15602.2229513,
30353276.2986, 7.38137232934e+14, 3.48811125093e+14, 47194.7900681, -44769.5382699,
487.706141527, -1.21520529696e+15, -4.18207390725e+14, 21279.997633, -33851.1231115,
79128577582.3, -3.19313739274e+14, -6.31184833163e+14, 1358.83213682, -25716.1718649,
2.21612546481e+18, -2.44102606746e+13, 1.04077889904e+15, -46920.5988013, 7349.71343282,
54822902012.5, 8.67932182229e+14, -6.55950555515e+14, -27685.762925, -4226.03168762,
9.97142027968e+11, -8.09809373396e+14, 1.33610217172e+15, -38055.2577054, -17395.1165911,
97505239080.2, -1.27175008501e+15, 5.15710026025e+14, -41357.1614957, 45734.216091,
2.33430655511e+16, 1.08108791803e+15, -6.50911789458e+14, 2767.80621423, 11818.6460243,
5.479465181e+23, 1.14963931154e+15, 9.08062158345e+14, -35680.7876315, -41175.5505335,
8.88596133192e+15, 4.69782754885e+14, -7.09874698867e+14, -5363.74563722, -17554.2695839,
2.03260478971e+20, 8.8079264942e+14, -3.23298369485e+14, -13168.7853808, -5704.9390402,
1.60411820867e+15, -5.53952186981e+14, -1.12206503662e+15, 17586.0141577, 37351.8448973,
3.1130200271e+24, -5.55371700974e+14, -8.84531331998e+14, 5468.50594993, 12726.7107736,
1.00154618e+21, -7.60666356701e+14, 1.29663676776e+15, 22164.342333, 8279.12726262,
7.40247260196e+23, 2.50042016008e+14, -5.52730050861e+14, -13580.9918722, -5086.44195429,
6.23056342733e+11, 7.37394672348e+13, -4.63042022305e+14, -49270.1050268, -22945.7743317,
12.3482773713, -2.06176126916e+14, 2.34557445823e+14, -1791.29731018, 46405.6452077,
4.47455018754e+32, 2.63718908914e+14, 3.45177123507e+14, -5424.10804469, 3280.82561279,
1330.63026411, 2.95967935187e+14, 1.07169324994e+15, -9379.26599777, -28959.844135,
1.58910745156e+19, -5.78637267884e+14, 2.56590521717e+14, -43092.6556943, 2806.12726472,
14588.1080529, -7.59192057665e+14, -1.03992113909e+15, -24814.2045394, 5900.56791818,
7.88847578288e+21, -4.99743375194e+14, -1.09103702836e+15, -47585.0865772, 2571.29105656,
20821438.5742, 1.02354584383e+15, -1.21896560576e+15, -29380.9374546, 20009.6173966,
2.86270536451e+29, 1.31121688202e+15, 6.08911025298e+14, -24485.9919704, -16325.0424025,
8.50189380292e+18, -1.52304641843e+14, -5.57962036212e+14, 35425.0590859, 813.571665827,
2.44588676795e+32, -1.12385885797e+15, 1.14637838881e+15, -39659.1349978, 43039.3133534,
4.1712166399e+24, 1.06284479781e+15, -7.79264789722e+14, -41534.4084113, 49369.4953299,
1.19164100676e+30, 5.61536981064e+14, 8.58852221228e+14, 30489.0602697, 1269.13088413,
5.51545068685e+25, 3.32350429651e+14, -1.01586938633e+15, -30579.7557916, 35673.5451472,
4.8858896232e+11, -3.8796068019e+14, -2.91386077084e+14, -29120.9804852, -13984.5431007,
29290.4014238, -7.51699324954e+14, 1.02242580169e+15, -10697.7499076, -17352.1982965,
106612.108498, 1.24350861502e+14, -7.76097314924e+14, 48196.7559306, -971.944347005,
551.155299848, 1.28215462907e+15, 5.47759887148e+14, -9243.54353047, 46453.1917805,
194077.992421, -9.58188405597e+14, -3.15831260282e+14, -32984.9805009, -34310.0811781,
3.656808061e+24, -2.979850599e+14, -1.23878497551e+15, -37120.6559785, 14043.0822699,
17651.1456438, 1.25076462176e+15, 1.08806497573e+15, 44825.5037419, -18931.4884913,
9.80607825674e+30, 9.65187464229e+14, -4.55091794054e+14, -40043.1813068, -7185.13689281,
2.55484229171e+16, 9.70510849197e+14, 3.90047883422e+14, -19911.6729922, 38984.1740901,
145342385.101, -2.97123696271e+14, 5.37445304537e+14, 38143.0110784, 20998.2880925,
1.83123978906e+12, -9.35449787384e+14, -1.23212645701e+15, 24467.300919, -41240.081024,
282784342.103, -8.58624413408e+14, -4.35135975617e+14, 30317.1945712, 6333.47515217,
1.55189240116e+13, 1.8398581041e+13, -3.76559372919e+14, -16688.7897009, 23387.9411024,
4.7938585495e+23, -5.83970873552e+14, -5.2623956156e+14, 15077.1495259, 15672.0405646,
1.37445768282e+23, 1.24192186719e+14, -6.0748730367e+14, 46768.046899, -35114.7794377,
1751932529.42, -8.41210684531e+14, -1.21874880524e+15, 46265.6073392, -13345.8415093,
5.50090449498e+26, -5.25892030478e+14, 6.13853775448e+14, -34341.3214342, -30162.0868337,
0.477309670143, 5.96216844505e+14, 9.74034041228e+14, -5546.9504359, 22097.052962,
3.09954994576e+15, 1.08831842373e+15, 7.91055813485e+14, 19042.2798857, -1266.04019566,
809.347709174, -1.22244131703e+15, 1.11712631674e+15, 5959.55178599, -25796.5248504,
2.35525636398e+14, -8.01259821076e+14, 1.66279277255e+14, 28663.743342, -17452.2161155,
2.78644321901e+20, -1.23413433039e+15, 1.08719055719e+13, -1179.655241, 45105.7070385,
8.8903257883e+25, -1.05227456823e+15, -1.20756382456e+15, 24397.4885287, 48897.0585836,
1.07109380939e+16, -1.19681041404e+15, -5.9139219624e+14, -24718.661364, 15924.4097626,
2.37488191725e+13, 6.97999258227e+14, 1.14578598302e+15, 8044.98441397, -3429.01678592,
7.55260365906e+23, 5.70822766293e+14, 3.18160209208e+13, 14518.7177676, 11138.709933,
1.28902195268e+22, 1.01227324639e+14, 1.29824723997e+15, 13774.1700369, 37576.5244117,
6.09502125172e+30, 8.73759306799e+14, -1.03135509052e+15, 10479.5069872, -49406.4094584,
3.06018734253e+27, -9.18649757607e+14, 3.94482995018e+14, 10458.3014233, 33302.8880004,
1.35999065858e+18, -3.34730073231e+14, -1.0215976615e+15, 49576.2388334, 16275.4648874,
1.11311548171e+31, -3.50377719906e+14, 1.31821782418e+15, -29501.4737677, -26688.7578673,
1793.97256515, -6.88795475592e+14, 6.04329114501e+14, 28963.3729391, -14086.5463007,
2108487.48466, 5.84207823093e+14, -3.52634656908e+14, 27772.7641302, -10316.0544703,
7.78627179104e+25, -1.21384896195e+15, -7.6905914421e+14, 5959.69960946, 44655.7689524,
4.96177389504e+11, 5.92539309085e+14, 3.83005304062e+14, -22495.7939406, 32660.451133,
1.90222552801e+29, -1.34334003089e+15, -1.96678506394e+14, 32058.2844287, 20479.5314873,
50374564.3903, -1.04029516523e+15, -1.99665405069e+14, -35036.1669242, -1242.97981714,
1.08899366796e+24, -9.73437801854e+14, -1.16939258409e+15, -39254.8065637, -30364.8360766,
4.0946142371e+25, 7.69729678707e+14, -7.32244297877e+14, 9040.17587142, 41593.5537851,
6.46721449128e+27, -9.5255310733e+14, -4.08374755555e+14, -19767.9326369, 43587.1888032,
3.04967140585e+21, 8.49024988294e+14, 3.1821573061e+14, -22900.5453615, 24788.7939745,
104695285.147, -5.77758855335e+14, -6.57895911883e+14, -30689.884314, -19984.5778281,
2.41542759787e+15, 5.10118998678e+14, 7.97391001435e+14, 5829.82577534, -20118.1811513,
3.82234409395e+23, -1.09050529929e+15, -3.66533715015e+14, 35610.7495165, 15105.0349498,
2.95992252024e+15, -4.2416625924e+13, 7.75209238095e+14, 23210.1961844, 250.92139051,
3054779.78435, 1.3263882682e+15, -1.2987121811e+15, -36291.7512838, 48619.6346317,
60017.914584, 7.6380944263e+14, -1.35639372588e+14, -35811.4235063, -31048.6310598,
1.44035263241e+21, -7.17937972865e+13, 1.22018212941e+15, 2408.01923443, 44865.752899,
2.83481579299e+15, 7.81104081635e+14, -4.15672938258e+14, -30851.0321252, 12004.674525,
1.05947047147e+14, 1.31521817186e+15, -6.37394583104e+14, -11277.6540966, 25887.0163804,
9.91003748105e+31, -7.40302239443e+14, 4.35250022073e+14, -4797.27901282, 36859.1455473,
3.54435645553e+22, 6.98838588552e+12, 5.95588650489e+14, -16296.1995449, -30292.530241,
2.90264324143e+24, 8.26647624929e+14, -9.41291124524e+14, 2843.29098499, -33038.0297048,
9.3547529388e+32, -9.21557751002e+14, 4.63060171892e+14, -12872.9369783, -45287.7890749,
2.83660131178e+28, -2.21341580385e+14, -2.02190319343e+13, 37211.9663898, -7136.01376696,
4.71006000518e+22, 3.47961457938e+14, -5.6790074193e+14, -3047.00410597, -31124.4027427,
9.56259242992e+20, -3.42455679e+14, -7.53882616983e+14, -33273.1821375, -39532.7118514,
178.692272116, -4.97682876406e+14, 2.26751769823e+14, 38344.9403871, 21622.7392967,
8.59415565935e+24, 1.06343158167e+15, 2.06743084121e+14, 24771.6632617, -35404.7866394,
178265.466169, -1.26659736171e+15, 9.30890364856e+14, 23761.2082191, 15802.0503205,
8.69217709822e+25, -7.96915611444e+14, 6.46316891734e+14, 7635.40852434, 31426.9952689,
1.70018191214, -9.62854014318e+14, 5.86131890943e+14, 17405.8311789, 34946.9455208,
1.25333683384e+12, 7.21282956964e+14, -5.19535269409e+14, -14574.1379427, 47370.2154814,
1.86331528595e+17, 1.27466970991e+15, -1.25838919134e+15, 3347.94569351, -11870.2890516,
4.9295314955e+27, -3.40626760719e+14, -1.10800063179e+14, 45206.3561765, -28166.3606626,
3.36897271385e+32, -5.23918215168e+14, 1.27196120635e+15, -35395.022598, -29463.6687109,
1.44055189829e+23, -1.34098720026e+15, -6.17775672076e+14, 34044.7971994, 44616.9284126,
1355084891.41, -2.57601672795e+14, 6.98639514138e+14, -16035.2831494, -46957.4417764,
2509.04014724, 2.24092657179e+14, -8.12140245236e+14, 48847.8795026, -25380.2236162,
4.37234569506e+19, -2.24261011496e+14, 3.76951087206e+14, 5125.75722088, 11320.986572,
2.12290282837e+11, 1.8429393848e+14, 1.0603426232e+15, -44761.7081382, 35759.7391792,
3.02010866271e+28, -9.86973712237e+14, -1.25965864985e+14, -21052.3067153, 5638.7258632,
6.32782148061e+22, 9.76324168148e+14, -4.97273391875e+14, -4590.345945, -39563.7832793,
9.96425401127e+12, -8.18824183721e+14, -9.65901619529e+14, -41366.7298537, -1219.15402589,
296743170.017, -2.19843927546e+12, 2.55482036262e+14, 35895.0606299, 42520.6833568,
3.83758618856e+19, 4.73486096173e+14, 2.90923618538e+14, 46675.0595007, -31052.6495955,
292566039.73, -4.39826048927e+14, 2.04776548434e+14, 13727.9526064, 46588.6949982,
1.40315674565e+32, 5.19862487666e+14, -6.93676816348e+14, 44334.3692484, 35666.1949585,
1006876.09377, 4.41378779844e+14, -3.95798081551e+14, 47276.1119555, 41342.9055425,
8880.37168689, 5.83704514189e+14, 1.08039560371e+15, 32400.2229381, 27684.0692396,
1.08234318286e+17, 1.25848453471e+15, -5.08998323843e+14, -24943.4145345, 28604.5482769,
1.62929593955e+31, -9.59237470446e+14, -1.13503212703e+15, 29644.6707854, 39818.2467291,
1456894.09682, 7.07807912318e+14, 4.56367425226e+14, 30370.0333096, 19441.924794,
5.40201395963e+26, -4.65062963213e+14, -2.18584878015e+14, 46223.2441541, 37671.2173693,
5.94008167553e+29, 4.77520690108e+14, -9.79481485191e+13, -38140.9293976, -20877.7165221,
3.10997255714e+28, -9.81147775719e+14, 6.71155737154e+13, 40647.3279431, -18903.2347055,
1.14466784034e+26, -8.72952107245e+14, 6.9381069787e+12, -34184.6721771, -39884.4956134,
3.53948529165e+33, 7.14048149958e+14, 9.77507020661e+14, -27717.8104972, -39751.7211987,
1.87386540894e+21, -7.01482675801e+14, 8.23476529617e+14, 10731.0147484, 7218.34052641,
1.96607453771e+19, -9.27328670245e+14, 4.82560132805e+14, -33803.2485674, -20117.0284612,
2.48921847573e+19, -3.0468452039e+14, -1.28429761341e+15, 30509.7014332, 9572.42369966,
3.71054094693e+25, -7.52935810943e+13, -4.64029685337e+14, 2923.03170701, -38844.8997678,
3.93236544975e+30, -3.78164085574e+14, -5.08168045499e+14, 36291.005804, 17407.7886852,
2.53184277743, 1.05930538521e+15, -1.24736493213e+15, 12796.1813588, -24241.5419689,
6.91079154157e+11, -4.09457383308e+14, -1.19463940942e+15, -1377.30795859, -30114.9316907,
3.66431017764e+21, -4.48496223648e+14, -3.64069434992e+14, 27899.4332693, -36725.7890631,
1.27081144228, 1.00996627793e+14, -7.62543166119e+14, -12324.3898929, 34994.9175773,
3.74365558112e+18, -1.09815712026e+15, 1.39480095938e+14, 35661.9176664, -16092.9459949,
1.65262954216e+11, 3.34729877128e+14, -4.22934286365e+14, 40874.7134371, 21374.9779711,
9.76647718526e+30, 4.6763757451e+14, -7.44879388079e+13, 13856.5502767, -38100.00873,
1.45259670429e+19, -1.11165394246e+14, -9.26739329538e+13, 46915.5313894, -48617.180136,
4.25192559548e+28, -1.76551942793e+14, 2.86818029251e+14, 4246.15706996, 33133.1543193,
31456.4877665, -5.46688874972e+14, -5.44350464538e+14, -13089.0991067, 6178.17894442,
58321.481424, 7.97199343587e+14, -2.19422589908e+14, 25350.0286169, 10324.9987616,
285478510.594, 2.65821576382e+14, -6.65072017542e+14, 28699.1167232, -7617.59123484,
155295.824955, 9.88535305195e+14, 6.180108397e+14, -4050.31996271, 34791.8973823,
1935819.54738, -5.61733490789e+14, 1.44405151875e+14, -49931.1161669, -41235.0007924,
6277377795.99, -6.32304600231e+14, 1.03460797376e+15, 959.535140117, 26697.6721548,
1.03827155475e+25, 1.87545919444e+14, 1.15526518976e+14, -31119.8780243, 226.311048793,
5.76236146408e+27, -6.16179473896e+14, -1.07827090513e+15, 27334.6976889, -48644.6611599,
1.05523150708e+28, -1.26100657615e+15, 7.44722759003e+14, -31693.7525419, -41176.9958762,
2.54755395916e+15, 5.43545712272e+14, -9.27157005133e+14, 25239.8021592, -7239.81021749,
82.3060393698, -6.13753189106e+14, -1.08498480721e+15, 10026.4588275, 24059.5382425,
2.22905401867, -6.9019154163e+14, 5.82264329807e+14, 48677.7461189, -46823.4044102,
4.93727962234e+18, 4.23803102882e+14, 1.42671658475e+14, 32597.3754857, -26830.2729263,
6.3315618432e+16, 6.07742154613e+14, -9.85015000984e+13, 5377.87022141, 22750.482224,
437801.422911, -1.84826426561e+14, 3.86444059953e+14, -948.678234704, 18184.1094659,
1.32919193594e+33, -5.22453424211e+14, -1.13025663131e+15, 20277.3079196, 2952.11526206,
4.82405329862e+30, 2.5743783082e+14, -1.21793192256e+15, -20064.1472757, -12691.826454,
5.41749035342e+31, -2.71001597145e+14, 1.29508105512e+15, 48512.8756268, 41497.3046285,
7.41601064688e+27, 8.4914345532e+14, -1.15672447439e+15, 3095.53158186, -27096.1617578,
2.27577994876e+11, -1.13888979654e+15, -1.14826528632e+15, 43239.2171909, -47129.1836986,
8.80064772613e+12, 4.66630909404e+14, 8.46947017116e+14, -27379.1615563, 13266.6535175,
14772.7724388, -5.66336683107e+14, -6.67717661545e+12, -20431.6334488, 45649.8133671,
2.1118677298e+20, -8.58865184435e+14, 1.1896905821e+14, -41809.9320328, -41945.8431907,
9.93498630737e+23, 3.13172983371e+14, 1.80262696246e+14, -8239.62396931, 11802.519357,
4902.1300204, -7.59216595636e+14, -3.38134309618e+14, -20287.7029687, -29034.3499494,
52895816258.7, 4.33005217952e+14, 2.45888563949e+14, 20013.6383624, 21033.533176,
196.258356574, 3.88243525459e+14, -7.30291730777e+14, 24171.5372961, 4981.87446309,
6200935.16679, -1.14037270132e+15, 2.55525418868e+14, -30270.5153395, -28616.3467909,
4.88779422575e+31, 1.21727390192e+15, 1.25191529799e+15, -36166.2220934, 34951.3751562,
1.43786651238e+15, -1.0162581506e+15, 6.78939243155e+12, 16786.080849, -47111.8640677,
1.11520625046e+19, 2.29423780796e+13, -1.78082579406e+14, -19564.59286, 49886.8602391,
1.16025788443e+26, -2.32938849299e+14, -8.68119237987e+14, 37090.0852876, 30467.4973626,
1.05256410194e+26, -1.0277198801e+15, 1.28287630435e+14, 15325.5562105, -34942.7842351,
10417.0139534, 1.34059906158e+15, 5.16117025692e+14, -45198.0799478, 38365.2775523,
8.74317448289e+24, -5.74672099646e+14, 2.51138043061e+14, 48954.5307721, -18550.758957,
5.95717672304e+31, -5.63526897266e+14, 1.25834818089e+15, 32641.3936055, 44245.916434,
5.77921791288e+18, 6.89685725346e+14, 6.26341216997e+14, -33676.580466, 39213.8648354,
3.72796838287e+20, 1.32380982088e+15, -2.68252362403e+14, 36376.58537, 27841.4648638,
3.69108505649e+29, -1.70895814234e+14, -4.48990133697e+14, -31498.207357, -6360.72052197,
4.0937625852e+27, -1.13226113098e+15, 1.20405681385e+15, 39601.7023319, 45003.0368875,
4169378.04508, 8.78885527592e+14, 1.07380217511e+15, 37963.2040672, -2600.97262596,
4.83140216827e+22, -3.46119253743e+14, 2.04396482233e+14, -16641.5445711, 26091.7185122,
1.5053930514e+16, -8.63539470123e+13, -4.79347177777e+14, -31847.7724452, -22323.3794688,
283098562.482, 2.57638085749e+14, 5.1589480782e+14, -17619.3798873, -39759.2479443,
1.80233900947e+18, 9.67899370795e+14, -1.00857207131e+15, 48744.1977339, 45329.2231789,
8.11369772117e+13, 7.75540407744e+14, -1.03299958451e+15, -11546.3896239, 42528.2114154,
630.326365939, 6.77419493389e+14, 6.79266643903e+14, 11358.3104888, 9214.86782472,
115077525.862, -1.8539737099e+14, 1.01821896529e+15, 24631.4587499, -24191.0046299,
8.32098195108e+14, -9.9761689975e+14, -4.90623166535e+14, -4047.27226015, 33309.6514121,
4.47900279664e+15, -6.30041734058e+14, 3.35280087874e+14, -18257.8617409, -3722.82825626,
1.67586931092e+23, -1.33295205869e+15, 9.62278977419e+14, -4006.74357762, 44878.4410285,
5131.57074912, -9.72144419444e+14, 4.2632116868e+14, 46992.3576406, 37698.844617,
5.23559344995, 1.04390639816e+15, -1.15992083994e+15, -3422.35167948, -21808.1398722,
1.56436600424e+32, 1.81714092643e+14, 3.80528348113e+14, -25355.5308553, -2872.95480354,
1.95207641667, 8.58820677247e+14, -8.13768350781e+14, 30697.0397294, 10774.1232812,
166389669.413, 1.16430755157e+14, -6.39462131501e+14, 13091.2974162, -18019.8094015,
1.90072127701e+29, 8.34699883807e+14, -1.21239359285e+15, 5986.35141479, 46525.5672933,
6.55373705735e+18, -8.13043622259e+14, -9.99655239136e+14, -41389.921612, 34120.2896169,
2.35006726233e+18, -5.04721122472e+14, 4.05942347377e+14, -23851.6697755, 44104.0276484,
1.62494607942e+31, 7.62433324691e+14, -1.16293514314e+15, 44747.9349327, 47374.8504082,
8.88328735505e+25, -1.31042517747e+15, 6.87649138204e+14, -5366.94179491, 20675.8555895,
478098.360078, -1.09908601007e+15, -9.4490772219e+14, 10293.0860387, -18011.4211059,
8.13948846039e+24, -4.84876926636e+14, -9.24427545528e+14, -13264.9042427, -40551.2905075,
2.1106042445e+13, 4.72076262808e+14, 2.63512754837e+14, -28462.9073244, -2825.73663699,
5.0569842959e+26, 1.15919602067e+15, 7.74777311592e+14, 5751.6592742, -5630.28008724,
4.51425584114e+12, 2.02928798817e+14, -4.62897559485e+14, 41207.8965333, -42613.4339011,
8.22998394692e+16, 4.2219818936e+14, -9.34750686866e+14, -25238.0979114, -18574.4793598,
11727.4479113, -1.06312422625e+14, 2.09637255545e+13, -14314.2206282, 47751.7131108,
1.98736222693, 8.40805455607e+13, 6.9900082807e+14, 41495.3555276, 22419.8451764,
228719.109444, -1.03582688142e+14, 7.8873525703e+14, 38732.8088628, 31549.7677245,
1.94670064451e+18, -6.61433828204e+14, 3.04378818765e+13, -27350.1161836, 6147.78440292,
9.88775873332e+30, -1.09124607106e+15, -3.46475497665e+14, -36397.471303, -1229.26912702,
2.47934092951e+17, -3.24530608567e+14, 1.04531282743e+14, -13006.0539973, -15825.5668219,
1.04361723614e+21, 6.27323151827e+14, -8.63006085576e+14, 27616.8165993, -38514.5652789,
1.06807329592e+22, 8.63170191051e+14, -8.39182473783e+13, 30680.9803057, 4558.25346223,
1390913362.15, 1.05066071518e+15, 3.18624595353e+13, 7157.15672225, 23390.522417,
98167.632932, -7.16346589705e+14, 1.15098496725e+15, -1163.7631475, -19577.5405466,
71.3238207028, -9.60849584556e+14, 7.43921039871e+14, -25483.3322371, 13899.0298363,
1.55724264257e+16, -5.5956583978e+14, -1.20371962499e+15, -37892.6313213, 10051.4045494,
3.81079129026e+11, 1.3072626292e+15, -9.73775827426e+14, -36060.5133939, -24132.9307117,
2977611.72641, -6.55404796946e+14, 8.07257278731e+14, 46378.4290407, -6069.49148493,
1.27489828435e+29, -1.09323283634e+15, -6.63237029805e+14, -45765.8212726, 5468.48387597,
5.02524403652e+13, -1.22614084137e+15, -1.29434305492e+15, 45361.6271813, 42497.3774035,
1.56159060972e+22, -5.17272513982e+14, -3.59305099275e+14, -37623.2095502, -1812.86540439,
1.35390937883e+17, 1.05720845337e+15, -9.8510256868e+14, 24744.7013558, -42114.1823289,
2.60535189607e+24, -1.16914503907e+15, 9.17933491072e+14, 829.703544209, -25453.0499779,
2793.90944524, -9.05157627931e+14, -1.11881712091e+15, 30666.783905, 40105.1626996,
4.0096731878e+16, 1.14037086011e+15, 1.05498496737e+15, 27787.5412799, 36142.1299412,
4207082408.82, 6.27442126792e+14, 6.93096967531e+14, -11378.1765712, 41612.1697594,
9626962694.04, 7.52991127579e+14, 3.58190620019e+14, -22532.38316, 33326.3139132,
2.93632385638e+25, 3.97545595815e+14, 7.84717323595e+14, -4492.3868811, -16233.7504265,
1.66251546234e+22, -1.23906138725e+15, 1.05225510016e+15, 35379.5782058, 22058.9450188,
3.51929914247e+16, -8.44799369474e+14, 6.95646082204e+14, -42016.2986276, 42281.9628951,
57884462.9815, 9.64266047044e+14, 4.78787223561e+14, -49933.7188274, -36125.9340445,
366.372580364, 5.46728045856e+14, 1.0199960056e+15, -19245.4540852, -7458.05179453,
1.70370128854e+33, 1.0867596969e+15, -1.30003380247e+15, 17899.9151283, 683.821899312,
6.92607209287e+19, 1.0608102939e+15, -5.3688353511e+13, 25705.8036452, 43887.4112493,
14804118.5329, -4.88288458231e+14, 6.9571612821e+14, -36631.4377151, -47157.7969212,
435839652.228, 7.02447105551e+14, -4.45799653658e+14, -3834.90818955, -34937.2571503,
2.06718579591e+28, -6.491685566e+14, -7.06612804672e+14, 5963.5030533, -45907.8196411,
2.55460404372e+29, 3.15691204417e+14, -4.54856161561e+14, 32635.833251, 13941.5886749,
1.12689030437e+29, 1.09491814539e+15, -1.13043083291e+15, -45131.3657916, 7676.78646326,
1.04056030714e+21, 9.04333059188e+14, 2.82393546081e+14, 1767.2062131, -3087.41890367,
1349788602.35, 1.71821920844e+14, -6.30153781991e+14, 38548.4298762, 13758.1518865,
23275.508242, -1.32536735292e+15, -3.05424435584e+14, -16721.8159534, -23400.4991619,
2.55728389477e+30, -7.77025926191e+14, -8.81789234426e+14, 20907.6805382, 26164.3926069,
5.14093037325e+23, -1.03847975084e+15, -1.01177725957e+15, -11330.0326647, -8886.06427369,
1.6047480004e+27, 6.22168609e+14, 1.15310212251e+15, -44443.683773, -34148.8398541,
7.17311756596e+15, -2.37026910208e+14, 3.89823447863e+14, 1160.44122762, 21710.3507357,
86072335950.9, 6.79568631144e+14, 1.34279434043e+15, 45000.8534605, -38596.6450773,
1.27950612576e+27, -1.17228234783e+14, -1.09155682628e+15, -1811.04565587, 6364.44630016,
1.02699131212e+31, 2.9262149273e+14, -1.99959401665e+14, 13287.2306809, -28012.4005938,
1.6537999593e+17, -5.39774853558e+14, 3.77192933219e+14, 18334.6147181, 28202.8803667,
50.4914366492, 9.42717300882e+14, -1.08023667506e+15, -18206.176145, -11200.737914,
2.57358296089e+14, 6.46392009694e+13, 1.01203239782e+14, 18102.852359, -8594.41421344,
53276244518.0, -9.90875541526e+14, 1.26990849944e+15, -4718.25427999, -4811.10873858,
2.00927712687e+19, -2.98493731457e+14, -4.76590985117e+14, -46602.4301762, 24730.6415682,
10270250.0721, -1.2810280524e+15, 8.29205226823e+14, 7649.91641603, 11804.2974491,
1.85963485768e+23, 5.57018713561e+14, -6.37755064054e+14, -26020.9654606, -38584.654881,
1.9538964455e+24, -7.56854310291e+14, 1.87209286916e+14, -20785.7459881, -23136.379594,
1.1739752648e+24, -3.61092490789e+14, -1.02985239078e+14, 20159.7883356, 48256.7125881,
1.31904320271e+17, 2.46692105843e+13, 7.69026900147e+14, -13025.4429516, -16113.8492466,
2.52296495223e+19, 4.64978659087e+14, -7.05371521039e+14, 23600.6852214, -31418.4408491,
1191050227.96, -1.10752702014e+15, 5.83961667263e+13, -2334.145447, 15346.2432017,
5.77683722117e+12, -1.26354288263e+15, -1.15351403449e+15, 37257.6129312, 49769.5038503,
5.66606821099e+27, 3.66014904901e+14, -9.15563943625e+13, -19747.8187585, -34644.5765419,
41603.4227908, 1.17803509442e+15, 4.79714398753e+14, 38220.6711761, -3399.24605964,
2.37606665914e+20, -3.95449769146e+14, 1.09489487257e+15, -8157.3411948, -32844.4590845,
1.38331691747e+32, -1.24491947911e+15, 1.1266793393e+15, -17667.954991, -36773.1288674,
2.10414155466e+26, -5.5885186704e+14, -6.43889628174e+14, 32156.1713575, -40042.4911469,
84461165699.5, 1.13043947236e+15, 2.15687502562e+14, -49274.0223867, -27607.9528762,
3.38241963706e+15, -1.23481538296e+14, 1.11896868582e+15, 12508.5702067, -29472.104587,
391.978775796, 2.36773600855e+14, 5.42763857952e+14, 8316.73028126, -7537.47328152,
1587948.89226, 9.18365674405e+13, -1.24487237736e+15, -39661.6455171, 38101.8540222,
5.00145080162e+31, 4.07354133579e+14, -4.18243338055e+14, 460.344764688, 42472.4181643,
689.08704998, -1.04017946511e+15, -1.29108364957e+15, 19346.9374355, 16410.050317,
1.45357134524, 1.59681230037e+14, -1.89847318247e+14, -26536.7318893, 27614.1446133,
2.83997892052e+18, -4.25068620357e+14, -3.75627231389e+14, 30845.9053651, -22127.7406225,
8.26719058401e+21, -4.79282924787e+14, -2.56182930745e+14, 44871.1948716, -41700.3331899,
4.1679938485e+12, -3.78215021757e+14, -1.02165793381e+15, -39599.7951672, -12368.7363461,
2.86014670104e+12, -1.09474933819e+15, 4.24609492777e+14, 14827.8368738, -40743.6759229,
0.790714836979, -3.37840163343e+14, -1.19264752189e+15, -44912.3048431, -46944.7474686,
1858248.52407, -6.90254348145e+13, -4.8696669911e+13, 3884.45848664, -2382.31069827,
3.99527182264e+24, 1.16638794758e+15, 9.9590351416e+14, -13657.1371488, -37761.4588408,
1.06640917028e+28, -6.20745980132e+13, -3.27921694665e+14, -13379.5605861, 7458.38068392,
81.3128141835, -1.16912097806e+14, 5.0278702232e+14, -12531.4529353, 38462.2064034,
1.30401607832e+32, 1.11457405608e+15, 1.01437183857e+15, 14326.8765598, 21030.3855322,
0.552601254465, 1.31068500993e+15, -8.4635420459e+14, 524.519881043, 2736.29872072,
1.2094911596e+27, 3.16723816181e+14, 4.97328310465e+14, -41611.6830662, -43180.553891,
33525.7337749, 1.90665528581e+14, 1.86067498113e+14, 16209.580281, 504.648253547,
3618819.77194, -8.28089026066e+14, -3.00766666653e+14, -8393.80490439, -29969.7187537,
2.65350694922e+18, -3.77086284705e+14, 1.02372353021e+14, 30368.045703, -31809.9895315,
3.88417271602e+15, 4.58331042734e+14, -1.0284657102e+14, -47663.4677764, 16474.6446313,
4.89198762962e+11, -2.6764892266e+14, 8.75303322176e+14, -3179.51509953, 27804.1886793,
1.29878909895e+25, 4.16469873585e+14, -1.12568895056e+15, 5781.93031276, 20946.5980235,
6.18088188737e+30, 1.06339799327e+15, -2.27424021327e+14, 42795.4454872, -11206.2398977,
2.01581962925e+29, 1.13064290627e+15, 6.60892762904e+14, 45026.0983956, 29233.2320175,
7.90007631892e+17, 9.01496505371e+14, -1.52460629056e+14, -31510.7332925, -14390.8037166,
63.2863140432, -3.9323810693e+14, 9.53434434166e+14, -24937.9852229, 33925.9443518,
1.15693470649e+30, 4.74788410076e+14, 6.26151798342e+14, 932.190662484, -42349.7470538,
1.22584268383, -6.40494093243e+14, 1.53792963853e+14, 36248.9054882, -2524.01242964,
84250005164.1, -1.57232033158e+14, -2.41810847072e+13, -16176.4181305, 48144.7894478,
1.33087624866e+18, -1.24866929962e+15, -7.69607761796e+14, 41349.3221997, -10966.7948597,
6.30147696586e+16, -2.37582613117e+14, -1.86971883126e+14, -11188.8840174, 45457.8808598,
146495.934731, 7.53411739708e+14, 9.91971262462e+14, 8944.79869508, -47415.5792089,
4.06081267503e+28, 7.04103383925e+14, -6.57100771087e+13, 8281.71354352, 15815.006713,
7.75252001575e+18, 8.62309740861e+14, 5.93276565339e+14, 18492.3615196, 3636.0430544,
9.64991662884e+26, -3.87240178075e+14, 1.74583017943e+14, 47151.3428185, -26494.9422685,
1.65729770284e+23, 3.76333474057e+14, -1.14594612935e+15, 48893.0307785, -35238.2735577,
2.33940243955e+11, -5.96374681629e+14, 6.71827819771e+14, -21894.3181148, -16397.7256637,
5.56169596809e+33, -9.07779647744e+14, -7.36687455259e+12, 31861.2757405, 18134.7715655,
3.18323218182e+27, -1.31867922204e+15, -9.33949798354e+14, -26862.7648712, 14047.3332566,
2.42302262458e+31, -1.20318956748e+15, -1.16253289242e+15, 20850.760357, 5905.63995447,
141934195.947, 8.46034452355e+14, 3.26593300087e+14, 20765.0459011, 2592.6191534,
5.50829251448e+14, 6.94619207728e+14, -7.08679941471e+14, 45485.6810838, -33515.714657,
3.04015763116, -4.43225627473e+14, 9.82622663785e+14, 6876.84624472, -39804.1760332,
12025011.2728, 2.15711175762e+14, -9.55567128107e+14, -48709.8481383, 13687.5087327,
2.59790747296e+29, 9.12694714458e+14, -1.29849930556e+15, 10536.825484, 15327.6374036,
5.02177415535e+32, 8.16113728861e+13, -6.55216295621e+14, -43049.8776959, 1925.83313536,
2.88908871941e+30, 2.99156241086e+14, -1.07496227595e+15, 13161.3166845, -31986.4128758,
1.36302392559e+15, -4.68880031103e+14, 3.315214992e+14, 9782.58594936, -30224.7782898,
1.05167144331e+32, -7.29272319423e+14, -4.01182065086e+14, -7132.95618336, 27141.8040635,
14115381460.6, -4.60458049829e+14, 1.33577400923e+15, 35928.406583, 20576.5802501,
2414409.84062, -6.4020325967e+14, 4.37644054442e+14, -15785.7427114, 37607.3986925,
1377.30297761, -1.29679192944e+15, 1.17178115573e+15, 2455.77408674, 22200.8352742,
4.94260079472e+28, -8.16255001773e+14, -1.04620582214e+15, 32156.3849234, 40354.4629047,
2.35748630239e+28, -6.85733543262e+14, -1.79311092274e+14, 7693.61150072, 34929.9245578,
6.80412775357e+24, 9.43350717355e+14, -6.5662351124e+14, 44877.1267388, -28634.5201632,
9.01159705614e+27, -1.18353795016e+14, -1.48492139478e+14, 24612.0646825, 17070.3997511,
1.72665519878e+14, -1.29603119584e+15, 7.18916685307e+14, -40087.4592848, -26080.0651685,
2.30868028421e+31, -5.6789371485e+14, -1.32124854699e+14, 47.2388621277, 28242.7372714,
6.15515883832e+32, 1.11373330678e+15, 6.94030119755e+14, 7195.82876693, 11350.7186232,
45811381408.3, 1.20028969152e+15, -9.46541957151e+14, -46261.8179856, 5786.4092834,
3.5203722435e+23, -1.08080000412e+14, -9.75174358067e+14, 43855.1287344, 27548.1309269,
2.61514551611e+29, -1.17708944057e+15, 9.04764980464e+14, -38850.816584, 2802.92685981,
3.35612626042e+20, 3.72845898148e+14, 1.04321744061e+15, 24675.1910932, 16931.8316319,
4.00912747855e+29, 5.90514492555e+14, -7.17804246815e+14, -2429.73771677, 12996.5937877,
1.65774547633e+31, -6.41549264569e+14, -1.22998719979e+15, 46474.6377506, -6162.53838153,
7.78103356519e+26, -4.98190031798e+14, -2.31484693154e+14, -31729.8153414, 40105.4687155,
14.3380639247, 6.07654727343e+14, -1.33395117717e+15, 3442.01335909, 45401.9625941,
4.80430576021e+15, -1.28839196054e+15, 4.05025360367e+14, -691.245569399, 14945.5363953,
112539673.545, 2.82929225932e+14, -2.75402867892e+14, -1902.72103247, -49867.5058281,
9.87147620806e+22, 1.00596818831e+15, -1.20024318874e+15, 4297.16152739, 22986.0792266,
5.89972424931e+29, 9.07053889242e+14, -1.00936706379e+15, -44387.0749978, -49369.0582836,
1.33293203991e+17, 1.86355256181e+14, 8.00219860457e+14, 21982.0415194, 39704.1559043,
669880.341541, -1.32831233426e+15, -8.22757964666e+14, -35473.7833886, -5924.48038479,
580035.390614, -4.90998558449e+14, 6.74029513525e+14, -25810.5246946, 40962.7024209,
9.34211706392e+12, 1.02232573335e+15, 1.32907906399e+15, 43620.4623858, -20473.0526793,
6.30801102184e+27, 8.53801787277e+14, -1.24870751476e+15, 12915.8533861, 46317.8904917,
1.86572279466e+32, 1.01538914057e+15, 1.4086831142e+14, -42710.1048722, -32698.1378511,
20788376517.1, 8.04771754881e+13, 7.93079571763e+14, -1258.57758028, 3162.05212873,
3088245367.24, 1.17174834994e+15, -1.26910101545e+15, 5073.9973339, -6786.27815252,
20391.3231328, -1.34143763e+15, 3.00701978925e+14, -6479.99248194, 8862.1998731,
1.43542313119e+22, -6.21083092096e+14, 7.91301242117e+14, 40183.7086834, -39881.2021664,
9569586.18826, 6.4600770655e+14, 1.20874544791e+14, -49397.9770895, 25531.6583933,
6.5096598727e+25, 1.06606684341e+15, 4.46922863443e+12, -30225.8352612, -12012.9562203,
1.19625561488e+24, 1.15615328845e+15, 1.05080894411e+15, -32090.5261672, 38297.7185615,
1808715518.44, 2.42835121575e+14, -3.00568644845e+14, 23127.8919268, -49761.9270955,
3022212926.13, -1.01587719383e+15, -9.54939365265e+14, -45019.8129486, 7514.98742434,
2.15185956419e+30, -9.6262102394e+14, -6.95882938571e+14, -40585.8158845, 40718.7803019,
1.74439978194e+21, 3.07073833875e+14, -1.21887317327e+15, 22908.3396324, -35395.0275394,
1.00209378958e+16, 9.66587825049e+14, 4.43929227065e+14, -44641.3655701, -35957.1825532,
6.76774081888e+18, 7.70482603648e+14, 1.1843449709e+15, 18753.4142078, 34799.1751575,
3.53756084289e+27, 2.63185444122e+14, 1.27505785682e+15, 12535.1329794, 34737.4037928,
3.87684640919e+11, -6.52099629226e+13, -1.17524662245e+15, -12364.6052984, -29005.5646463,
2.25335603408e+12, 1.17744589847e+15, 3.70818804646e+14, -48304.1220497, -48824.7723716,
4.0095420625e+14, 9.48926148339e+14, -2.26831742644e+13, -35990.5112448, -36869.3545808,
4.32353039239e+13, -7.08368471808e+13, 3.66736538326e+14, -5942.12048236, -14533.7887421,
2.21417849713e+23, -1.30444798658e+15, -7.17656996463e+13, -11448.4894394, 40159.3264862,
11334259.1014, 1.20738830017e+15, 7.1512786309e+14, 46188.5522917, -21348.2932413,
7.74457738982e+29, -8.16169039738e+14, 9.67851867036e+14, -10956.7186094, 38045.3072601,
16206110.19, -1.14441601596e+15, 1.09885499142e+15, 40559.0603365, 18914.5980023,
7.8411607947e+27, 1.24948464783e+15, -8.13088331558e+12, -2866.40897277, 48247.7525462,
2.57717629512e+23, 2.92565364288e+14, 1.22430473666e+15, -1886.17799396, -43077.8138964,
4.83282708068e+16, -1.27212767081e+15, 1.256872028e+15, 21162.3445117, -39078.3751287,
954.365801086, -1.74037119972e+14, 1.26022095406e+15, 6280.07317213, -43726.2335786,
8.98175505145e+32, 9.35352089929e+14, -1.1084117739e+15, -13747.7568346, -38809.2440837,
2.31091529714e+23, 7.17429695343e+14, 7.90731484732e+14, -18342.7777185, 37633.3212246,
1.21186777043, 8.78798219833e+14, -1.03728522669e+14, 47130.0687007, 14724.9239299,
100.48395806, -7.40355729426e+14, 1.20708048484e+14, -578.99101552, -36664.0248451,
25335138.6285, -4.96215008314e+14, 9.08756082327e+14, -6347.48107358, 5362.2613351,
2.01406678753e+20, -6.05777264507e+12, 3.93548608918e+14, -20308.1928921, 19094.4981157,
4.36716394026e+21, -1.75886844614e+14, 9.78122041211e+14, 30937.4507382, 41018.577156,
6752.59389705, 3.90358469072e+14, 7.84650514945e+14, -39145.0297241, 22706.4845226,
9.52089476435e+25, 1.10874306284e+15, -1.20891858233e+15, -33700.0738426, -16259.6204367,
2.44047813318e+15, 7.86851309109e+14, 3.20736189167e+14, 4506.85941352, -8192.18115762,
95938804.3575, -7.41188640523e+14, 1.12969183581e+15, -8101.70627866, -5558.92872516,
3.12882616242e+27, 1.30156542706e+15, -1.09633625523e+15, -32991.282704, 16597.387935,
4.97068696521e+29, -1.27015829836e+15, 5.80889524052e+14, 13063.5661026, 22928.7288461,
1.60922533498e+30, -1.03861198401e+15, -4.20138794032e+14, 7241.75980593, -27595.0678433,
1.75177875414e+23, -5.56929652059e+14, -4.09880396043e+14, -17965.7157406, -7062.7840698,
2.37429704026, 4.74418329145e+14, 4.92452976911e+14, -44229.9809828, -2183.12419853,
2.10172226547e+24, 1.13631299169e+15, -1.27056725329e+14, -17351.0462489, 19297.7105489,
280042105.605, -5.38723563229e+14, -2.59252615785e+14, -22795.4251102, 15297.7164395,
1.25662013375e+17, 1.11834875673e+15, 1.68744302802e+14, -26845.1761744, 14808.3463367,
2.93259976991e+15, -4.5389339479e+14, 6.56635257506e+14, -17283.0811166, -43280.4763239,
5010957268.13, -2.73073322052e+14, -1.32188462664e+15, -28987.4237682, 9259.43597243,
224131094.97, 1.0258184666e+15, -6.17436726183e+14, -29015.8022896, 7802.45691489,
1.3991491315e+28, -1.05448272189e+15, 5.82413467981e+14, 49974.2792239, 42425.1772724,
14596.9142016, -5.57425508299e+14, 7.14028450803e+14, -24529.021705, 23885.0501581,
3.1971957619e+18, -1.05811318306e+15, 4.44408034634e+14, 31116.4714386, 31438.7428826,
6.0304488138e+29, -5.77178537006e+14, 6.47298627863e+14, 571.621111375, -43031.9962261,
269816150.028, 1.06304051359e+14, -1.01526564488e+15, -48236.5259788, -33415.9591817,
1.31567631704e+25, -1.07437391548e+15, 2.36831755812e+14, 3149.74270442, 41652.2826487,
3.04607393048e+27, -1.2905765311e+14, -1.08672149111e+15, -44612.1194044, -28439.8338503,
4.58865323004e+15, 4.50709915492e+14, -6.64845853061e+14, -43334.5521531, 48672.480883,
48.1376658722, 4.36640877579e+14, -4.14517034044e+14, 28969.4921086, 15099.3952515,
4.27453305294e+31, 8.53686716533e+14, -2.08596118259e+14, -43833.7486665, 13061.4393471,
1.97231223562e+32, -1.36210461135e+14, 1.21754620355e+14, -9506.00298412, 14023.0841359,
7.20354259698, 1.96266285029e+14, -2.26372239618e+14, -26300.1371593, 33798.9071917,
2.54898457199e+18, -3.36716965242e+14, 9.79582469664e+14, 28599.5192007, -13550.6565247,
2018.13190668, -9.9858386427e+14, -4.32726362847e+14, 23097.3688768, 42772.1366556,
2.5770769372e+13, -1.6082215431e+13, -2.57297754974e+14, 36944.7115095, -7579.35664546,
9.91679038086e+16, -1.66861271257e+14, 9.88029882508e+14, 6241.48983182, -35731.5746625,
8.13081937516e+22, -3.45049096441e+14, 5.47308641689e+14, 19994.5181909, 23418.990546,
8.88463673673e+29, -1.07541353483e+15, 5.76653931092e+14, -32473.0827511, -49902.0005307,
3.84935499499e+21, -1.04614179928e+15, -1.18078535535e+15, 16945.5404606, -29950.7051554,
16302526.9931, -9.99148823179e+14, 1.11267007904e+15, 3828.0376039, 45061.0125796,
112.008894761, -6.44920992254e+14, -5.3257280968e+14, 4475.59693847, -5859.5399417,
2569095146.46, 3.19729817322e+14, -9.75122146406e+14, 1629.68874942, 48715.7254424,
273895846.394, 5.16861400236e+13, -2.52959490795e+14, 49414.9722232, 3940.99595904,
1.41130497621e+18, 7.13934547223e+14, 2.13855932934e+14, -23051.0336826, -311.853462875,
31559521803.5, -1.20261434261e+15, 2.34206608953e+14, 18811.9840761, -5248.73758585,
2.35609858152e+12, -9.38927708092e+14, 8.63740806479e+14, -9630.14868664, 18568.8243738,
45.6974782063, 4.62476970677e+14, 8.53651435262e+14, 19696.9070131, -34963.0867173,
3.72121559153e+24, 8.64707946126e+14, 6.65256139809e+14, -36450.3704121, 26592.6220276,
4.48680558218e+31, -5.34719602431e+14, -1.08295072381e+15, 11835.1730535, 48297.4475176,
5.07628609493e+11, -9.07537013753e+14, 1.07396071804e+15, -1181.93645564, -33350.8489658,
7.89516779499e+30, 1.07676729822e+15, 9.86273046843e+13, -49047.2416761, -42932.8278816,
7.10923684481e+17, -2.94083978962e+14, 2.7263990364e+14, 30025.1922602, -13888.0100614,
9.77968499376e+32, 4.08016953534e+14, 7.29319817726e+14, 25101.7415227, -28365.4941517,
2.88654169042e+14, -9.70996373901e+14, -4.06400260262e+14, 36263.3735018, -35879.8620546,
8.20487130481e+25, 1.2224838931e+15, 5.90436332181e+14, 30331.4384607, -11368.2777647,
3.6886671142e+23, 1.12114809588e+15, -2.00638471621e+14, 49534.7595547, 1931.22822424,
3148158664.33, 1.07080572691e+15, -3.91821387487e+14, 45296.8417051, -2614.64686754,
4.74873241787e+30, -1.25471887188e+15, 1.08379855436e+14, -47135.9664906, -42388.4577232,
4.57473516139e+28, 1.34384578118e+15, 2.67850884067e+14, -8171.56449545, -887.918023399,
1.08911409142e+27, 3.4357223049e+14, -6.44944800715e+14, -33066.101537, -5944.10621886,
1.57298052396e+31, 4.3845127981e+14, 5.12748404987e+14, -36011.1130837, -12798.6121408,
2.02034613763e+19, 9.78023188382e+14, -1.14833178299e+13, 49214.0619367, 34428.3337559,
4.01235495458e+15, 6.77298875416e+13, -3.16807452546e+14, 7897.90688809, 36908.7725213,
5.3827211277e+17, -1.07907331948e+15, 6.99800563444e+14, -8433.28089868, -6061.8024157,
4.63185596759e+33, 1.13101911729e+15, 1.31595303864e+15, -2878.21235565, 26963.3530156,
14345.7802566, 2.6112824334e+14, 1.25447708684e+15, -3459.58713128, -2067.44034025,
73.8010157836, 8.13908291099e+14, -9.88751916123e+14, -42956.2457398, -21094.2773814,
1.21884841902e+30, 5.45409006233e+14, 1.30032818391e+15, 24312.3925112, -11936.055434,
1.95219726011e+25, -2.6815077086e+14, 7.35636295427e+14, 49211.4569145, 29482.2504532,
9980760409.1, -3.919574899e+12, 5.54221684559e+14, -45916.3178498, 43294.3413012,
8.04618421442e+29, 1.2139425799e+14, -5.71806362812e+14, -1893.05770008, -12907.743706,
1.03356416853e+29, -6.37586957826e+14, 8.53064634844e+14, 24786.9379165, 19342.7804924,
0.843506820447, 1.01836479912e+15, 7.60740569579e+14, -43579.7543078, 37622.4013071,
2.70267602334e+20, -5.45643229691e+14, -3.0445188676e+14, 11043.3664928, 34729.5286313,
6.49438155711e+21, -6.51568850573e+14, -8.5016496484e+14, -34231.5054298, -20436.561309,
1.69563817761e+21, 5.37969241266e+14, -8.69850307986e+14, -28528.7600277, -29540.4061193,
4.78179502501e+25, 5.05354580707e+14, 1.55547832676e+14, -44903.7335982, -13490.7393668,
2.24887761464e+15, 7.12906825742e+14, -8.42250726287e+14, 32253.2021456, 22426.4252671,
1.58032538789e+22, -4.9112875487e+14, -1.05104689156e+15, 25451.237127, -44684.4439816,
23838189427.4, 4.29215799624e+14, 9.02776699888e+14, -49620.034944, 40944.9380275,
1.3892140298e+32, 1.97350278458e+14, -3.346345853e+14, 2156.56597913, -16500.2465511,
2.9107531994e+13, -6.36690506606e+14, 1.10299231197e+14, 7307.78247361, 2358.45646482,
3.13330776004e+20, -8.17809164936e+14, 5.48158799079e+14, -11212.9387909, -3292.90273924,
0.186879652492, 4.9802648215e+14, -9.7478274355e+14, 48405.0465895, 43039.5891681,
6.89472148485e+14, -7.55484591378e+14, -4.1789600013e+13, -40529.3838399, 13794.323106,
2.23785570573e+19, -7.44814626308e+14, -1.2472037378e+15, 27046.0743572, 33235.9576589,
4.76704939528e+15, -5.89673656559e+13, -9.42494315239e+14, -1987.43392762, -5989.12975297,
4.7711959756e+18, -3.53356232003e+14, 4.28648266076e+14, 13536.8501706, -5059.34353971,
2.97106833384, 9.58571386651e+14, 1.20386754782e+15, -36739.7271145, -5068.03931867,
8.36982069502e+17, -1.04461586564e+15, -2.75791876151e+14, -40641.3757038, -31652.1828233,
9.65541575132e+17, -2.52864381554e+14, -9.53430330975e+13, 5224.8425437, -22549.992387,
8.49916700954e+20, -3.65943149631e+14, -5.1308856367e+14, 24447.1809011, 40402.9742347,
4.23634923122e+19, -2.82520547895e+14, 2.30980587581e+12, 33038.0303266, -27761.197646,
3.83627383205e+23, -8.41331589728e+14, -2.44136868203e+14, -23652.5745569, -11294.212994,
72113.9242336, 6.67362539138e+14, -3.24494645983e+14, 18854.1851459, -20228.4070174,
5.96515983362e+27, 6.30565418128e+14, -3.51763585817e+14, -24132.8149661, -39638.4286956,
1.42587989453e+25, -1.04905959765e+15, 9.25852905447e+14, 7180.60372059, -9385.55946178,
7.80615379773e+24, -6.50401176166e+14, 6.66391281853e+14, -16907.9256977, 16844.0066113,
5.28290606129e+16, 7.28960492087e+14, -8.66906885095e+13, -33083.9731923, 19729.3804156,
1.36444980409e+17, -7.83953257105e+14, -2.76747098075e+14, 35633.7562519, 34300.4205428,
1.98238705117e+27, -1.16835635905e+14, -4.12599689069e+14, 28577.2944807, -25593.8375936,
1.24729271714e+17, -3.13173532588e+14, -6.98768577704e+14, -20063.7560869, -34985.565198,
38683762809.7, 4.83751454616e+14, 1.82253084327e+14, -6423.71096963, 19773.2074767,
38750.1962441, -8.07144466078e+14, 6.59562749175e+14, -21803.6572789, 39839.813314,
14850.3394571, -1.11779484239e+14, -1.09773414731e+15, -2976.08214778, -36831.882477,
2878.69269505, -1.289023746e+15, -1.43612610763e+14, 41090.5534465, 2890.27182589,
6.49617003523e+32, 1.57600594645e+14, 5.22183356304e+14, 46234.0183499, -3831.8169774,
660474.903185, 9.26149920022e+14, 4.847777392e+14, -32644.4219367, 38975.0073167,
1.25659603724e+28, -3.84348603673e+14, 2.45288604546e+14, 14197.569121, -21773.9215884,
6.62773234732e+30, 5.94726690302e+14, 7.18739470133e+14, -40949.2244066, 24870.0591847,
26539193.2272, 8.89563577011e+14, -3.20230887263e+14, 46854.9927432, -25143.5324379,
1.81521558629e+13, 7.13960606262e+14, 1.1381753055e+15, -26341.2207759, 38791.1848422,
1.56447417699e+24, -8.54112888565e+14, -1.15571969539e+15, -34185.8547563, 35357.0420844,
7.84759226626e+14, 4.28500402331e+14, -2.46194624802e+14, -47948.5785248, -47059.3762563,
5.58503811875e+14, 1.34953795588e+14, -8.50398385512e+14, 24799.6290001, 47171.0974809,
3.15968049367e+28, -1.15934301168e+15, -4.34661781457e+14, -25204.3650689, 20187.2114592,
3.33074162091e+14, 6.39779573086e+13, -6.38448884053e+14, 37843.6432141, 29456.5002194,
1.20642823908e+19, -5.47969227564e+14, -6.07548357295e+13, -46739.3217053, -13558.9818741,
4.01748107569e+20, -7.91155337644e+14, 2.33492382029e+14, 21798.1192942, 1861.09281933,
1.28338376952, 1.10873188949e+15, 4.37839349057e+14, -7481.6918056, -3346.37839254,
1.11250563183e+19, 7.43479889295e+14, 6.01743627183e+14, 38971.5880816, -30206.4249769,
53318.9303171, 5.57465251154e+14, -1.07231984075e+15, 23986.1424147, -49014.1397986,
306.010294824, -1.11038927109e+15, 9.47765181179e+14, 46444.6290833, 3339.52019602,
2.63755133183e+32, 1.1559503452e+15, -2.38997851718e+14, -17002.1708487, -9566.61858624,
1.38588002937e+18, 1.33784747421e+14, 1.39864002743e+14, 18318.9118195, -47804.270235,
3.42159233773e+24, -8.59561361162e+14, 4.05107209354e+14, 21928.3326094, -38963.8727867,
3.42870515844e+26, -9.5336151715e+14, -1.26574711415e+15, -25721.8224144, -3610.50660868,
4.90173642585e+25, -2.27059007107e+14, 5.39173802242e+14, 29287.6357126, 30287.6686223,
4.83057373403e+17, 2.70882669347e+14, 1.18774225094e+15, -12941.0502282, -14883.4318431,
1.06878800706e+18, -1.16829190311e+15, 8.45086335447e+14, 25647.3368297, 49288.2472627,
1.95884578885e+30, -9.10385520335e+14, 1.14721201179e+15, -35744.3722191, 16679.1393809,
270.589632801, 5.582822869e+14, 7.27968486934e+14, 780.192444529, 24781.1690509,
7.28079680548e+18, 4.98614861843e+14, -1.08405271835e+15, -45961.46386, 34134.4341503,
1292.4048743, 7.07703693955e+13, -1.33850325519e+15, 49052.5842745, -24789.1620356,
4.02370122724e+20, 3.08600499935e+14, 1.31966779091e+15, -14627.8669342, 14824.5986502,
2.60018535306e+17, 9.08254804329e+14, 1.17845765295e+15, 2391.54048787, -20786.8469065,
3.86952925692e+13, -1.14351571987e+15, -7.44983093311e+14, 33181.2132303, -32140.2629817,
7.76129855428e+19, -1.18543884474e+15, -1.28784959638e+14, -21390.1400727, -32529.1738563,
1.23813479649e+25, 3.69493105495e+14, -7.32865255762e+14, 15218.7216357, 12722.2719298,
77081541108.3, 4.71838426069e+14, 6.74950679408e+14, -8249.35647121, -22881.348818,
1.89250326909e+16, -1.17815958519e+15, 2.96819882484e+14, 26542.324937, -26704.2282658,
6.8151019283e+25, 2.23551928533e+14, 4.67577457739e+14, -1362.67004388, -4387.86558899,
2.53148232217e+21, -6.99374775108e+14, 2.85200282769e+14, -34643.2976495, 39760.2515007,
1.2901320888e+14, -1.09540293319e+15, -1.15001317395e+15, -10925.1822693, -35172.1820838,
5.97909920574e+17, -6.74990837921e+14, 6.63131786771e+14, 35628.5049958, 29375.7421272,
7.45976876139e+20, 7.2763347998e+14, 4.92269055908e+14, -8479.68555615, -18598.8474345,
564242.363493, -5.25578409772e+14, 8.76209360343e+14, -4168.20456759, 39891.0400683,
100522.491035, 3.25873151347e+14, -1.17592492497e+15, 9053.79381225, 25206.3877233,
1.32573974571e+26, 7.66020482761e+14, -7.72828163298e+14, 34243.9966338, -23027.4707443,
10611.8291621, -4.96699452275e+14, 1.17311121633e+15, -2080.93073506, -30823.9747414,
67.9141297992, -9.42247541165e+14, 9.96141100692e+14, -28513.54111, 812.988531537,
1.12040548283e+23, -9.10842252726e+14, 7.91759704467e+13, -26158.4886917, -44281.4393132,
873226948.186, 6.75145514729e+14, -4.00195821734e+14, 24907.5028691, 24452.4421578,
4.06737844649e+28, -1.60331183355e+14, -4.78347969306e+14, 46673.4483906, -13953.4026615,
1.04881445419e+22, 6.03298661178e+14, -1.30477372723e+15, -48912.1125664, 30707.8214576,
14207936.3991, -5.52474569422e+14, 6.63452160796e+12, 20856.4352297, 28404.2392361,
17874.6886865, 1.76616821901e+14, -1.31071714875e+14, 8433.25563768, 40621.4213579,
917586412.159, 3.05333700522e+14, -8.88622491589e+14, 5718.02073381, 12267.1216806,
6.83444529406e+25, 4.36092511393e+14, 1.25755583206e+15, -17579.3422765, -17797.168098,
62082968347.2, 1.31182943103e+15, -4.96645956996e+14, 5593.61075458, 32834.5589075,
8.17436718545e+26, -1.72677495603e+13, 9.61712877718e+14, -45970.3649386, -13439.128839,
1.26062175959, -1.15806332122e+15, -7.30323755752e+14, 9822.40159817, 11597.6163325,
139639.335245, 8.45313448621e+14, 6.21010830259e+14, -18153.0522387, 43855.0805037,
11221560922.3, 5.18142575119e+14, -9.59376897452e+14, -17268.9824079, -27849.0361403,
12705999.9536, -1.26491656105e+15, 4.1687230951e+14, 47465.4558717, 734.363052759,
7.21285147565e+15, 1.1221293482e+15, 1.2140585594e+15, -37180.3893237, 46539.576481,
3.81514314076e+13, -3.48766187194e+14, -7.8492520698e+14, 29448.5693343, 782.535367768,
15188.494373, 9.33045734478e+14, -4.65000836477e+14, 35696.5420139, 36345.4051463,
3389325956.22, 8.82276784011e+14, 3.21426380835e+13, -10959.7263234, 25114.6949895,
85558.0502248, -6.26164260628e+14, -1.0216423919e+15, -14969.5667455, 18781.02332,
6.47631247013e+25, -1.16113746697e+14, 9.59420829687e+14, 44893.041621, 15813.6235012,
34587432.1621, 1.14498321107e+15, -9.82846601137e+13, 25429.5704825, -18170.7749189,
3.09899440615e+19, 1.0506420652e+15, -3.34389664046e+14, 467.488705158, -22990.7364149,
9.3713918658e+18, -7.40155419377e+14, -1.3251808203e+15, 2893.0477014, -45579.0455704,
2317.69822514, 1.06939650841e+15, 4.82399227876e+14, 23938.071733, 47790.9900694,
1.76788882944e+24, 7.83904787783e+14, 8.25964377334e+14, 6219.69380301, 29495.4416151,
19.777117797, 2.14997202021e+14, -1.88288429994e+14, 25862.8446206, 39759.5872204,
2.44542234791e+31, -1.13576300237e+15, -8.31504827619e+14, 33031.6214368, 44872.3561922,
30825571.5458, -3.13619666184e+14, -3.4691144981e+14, -35929.7493439, 5286.7978111,
4.67470024926e+17, -7.1730159718e+14, -8.47199309221e+14, 5639.97288929, -5964.12849133,
51.8491757451, -1.01984488381e+15, -5.65509931944e+14, -13613.2014815, -7541.28859662,
4.72075257967e+15, 1.17585408434e+15, -6.63434733397e+14, 19876.8313578, -38937.902796,
1791.77700196, 1.06016997687e+15, -1.23068042643e+15, 42733.3537656, -32468.1760566,
4.62286430544e+31, 4.70070548571e+14, -1.16702542211e+15, 41687.6823379, -31955.2258781,
5.40157589087e+19, 6.8433953274e+14, 2.22235295985e+14, 14516.8227022, 23064.7505096,
137219076.858, 1.16405327528e+15, -1.22644310367e+15, 8619.73466249, 19774.4047911,
1.44719204123e+30, -7.96858852826e+14, -1.99534940504e+14, -20446.7531414, 46265.2853742,
1351.4042879, 2.37695101643e+14, 5.42236228329e+14, 15354.327925, -19822.499265,
463038196.194, -1.65609584965e+13, -5.29775754867e+14, -7733.45320382, -31467.3358044,
6.46813845825e+19, -7.33875686925e+14, 1.19805086511e+15, 9476.74412223, 6477.25580632,
1.50337280928e+20, -9.87623835438e+14, 7.8494812847e+14, -8971.81955491, 38899.4363153,
1.72593360801e+32, 3.45988048502e+14, -9.69882599194e+14, -22906.3983128, -9934.73752781,
1.36439379818e+25, -3.4927115351e+14, 5.11486633247e+14, -3258.36422396, 5093.55927542,
4.01172328935, 2.13574231802e+14, -5.81508384037e+14, 28692.5180028, -28818.0554351,
7238.25702628, -7.18498725208e+14, 7.39382459196e+14, 33103.7853319, -19675.634995,
2.20748369879e+19, 1.24086287528e+15, 9.46291740548e+14, 35382.2152961, 26006.2675575,
9.99164897449e+13, -1.32510345129e+14, -1.1668799991e+15, -14964.5829721, -36554.9587755,
28979776.3196, 5.75475445929e+14, 1.19080237938e+14, 32590.0839212, 37332.5698577,
373192.911822, 9.58627240544e+14, -5.30676849642e+14, -30103.8441529, 19481.9274807,
1745634.56119, 7.64875653717e+14, -1.03608794006e+15, -23332.6529561, -29519.5239219,
8.92045687929e+31, -9.37357960939e+14, -1.34303592485e+15, -7114.03319585, 36040.2077709,
9.2173086551e+11, -2.15129591546e+14, -3.78154789189e+14, -4935.29213721, -6346.44508944,
222997.574267, -4.94440025285e+14, 1.77742228383e+14, 33672.6554171, -43321.6115273,
239.577977603, -1.56267906987e+13, -1.05732175805e+14, -24686.7026448, -41952.5249335,
1.23018399648e+16, -1.34270010783e+15, 1.31985119096e+15, -7070.05076431, -37406.2409533,
16038.1583615, -1.21172360942e+15, 1.32129695704e+15, 47717.1899437, 5575.71586969,
2.01874700661e+20, 1.05428801542e+14, -5.94449068217e+14, -22637.6857575, -38816.8125073,
0.616744415209, -4.49279123192e+14, -5.31332118234e+14, 19162.4992567, 19013.1901677,
12.7070990021, -1.23611133384e+15, -2.60497002641e+14, -33381.7356308, -5795.16458831,
1.03051934519e+20, -5.71200113024e+14, -2.08965840915e+14, -49402.195885, -43360.6286117,
10536353830.3, -1.07667848083e+15, 3.33717635556e+14, -18511.0451977, -14537.9316862,
0.222737422497, -3.46360091228e+14, 8.41507676796e+14, 34851.3961074, 1621.7841837,
60443301.215, -1.23209805239e+15, -1.35722741894e+14, 18101.891259, -49261.980144,
201107305.165, -3.75063336651e+14, 7.10034674639e+14, 35608.4322043, -39318.1673927,
2.41149817914e+19, -4.93589031365e+14, 1.36133440088e+14, -26581.0886691, 39974.0557825,
1.38084325863e+28, 6.78805477628e+14, 6.34567057676e+14, 12609.0386274, -36933.0664899,
4.46650427984e+18, 4.14076369886e+14, 7.65435357023e+14, 20235.3913634, -29794.017371,
1.16898938781e+33, -5.56676652944e+14, -1.15985710196e+15, -24873.8613995, -10989.8883755,
82.0209682484, 9.60145418008e+14, -9.70196771014e+14, -17825.3694021, -4674.64917155,
1.25701520462e+20, -5.79815476222e+14, -1.64260117538e+14, 2624.98261549, -28997.6950001,
7.81083118929e+32, 4.32918684165e+14, -9.06849857722e+12, 47844.3054052, -31570.0303851,
894.39519343, 7.82566123954e+13, 1.77737951656e+14, 15659.2802618, -25278.5399276,
4.79050483404e+20, -7.9035175945e+14, 6.99281769692e+14, 42353.9625941, -15674.0626811,
1.4185916739, 6.77972405414e+14, -6.81788917587e+14, -25083.0544628, 48278.342421,
4.88286211299e+32, 9.15136156205e+14, 2.57037309451e+14, 4038.76324456, 37757.3274381,
1138.29984399, -1.4890619526e+14, -2.909801832e+14, -30031.1715251, -21535.1890026,
4.55135900198e+30, 3.4336190216e+14, 4.40601571423e+14, -26720.7718802, 39937.2379274,
2280.95126464, 1.20467046576e+15, 1.18647360679e+15, 17821.3796888, -4624.54515052,
4.30650952583e+17, 5.75157287127e+14, 1.02973030036e+15, 14463.2717666, -10213.4195881,
6.79852659506e+26, 8.78559274859e+14, -6.49906674716e+14, -3667.97290688, 49716.5210198,
1077808.08421, 7.57792696086e+14, -8.52906880554e+14, 6070.0629086, 29166.2149708,
9.80817810508e+20, 1.28489839914e+15, 1.26855206348e+15, 8043.58701263, 17803.3965079,
2.8881144856e+21, 8.84298306437e+14, 3.00385493439e+14, 20714.6526456, -23140.4513192,
3920.31646632, 9.69658098538e+14, 2.28282591236e+14, 5466.30773258, 5261.58521871,
10.1808526564, -8.89508122713e+14, 7.72163034612e+14, -12889.7686842, 34634.3558283,
1.99998344927e+12, 3.66660749465e+12, 3.10313789378e+14, -34165.1869923, 3378.45474216,
1.09455775662e+28, 4.26423956233e+14, 3.29119987003e+14, -2295.61904271, -22048.3428195,
3.81929477343e+16, 7.80671221583e+14, -1.28663467666e+15, -28133.4943801, 44134.4667499,
1.73177422243e+15, 1.20820380319e+15, 1.03398691501e+15, -907.892303905, 19669.3640248,
150.56941079, -8.91874520492e+14, -7.85200218117e+13, 43348.8895314, 30368.8061539,
1.57784269099e+16, 2.14055131811e+14, -6.82979670786e+13, 65.2725631614, -31331.0951327,
1.10891644757e+14, 1.33949348225e+15, 8.08049211759e+14, 32083.5532501, 29400.5014615,
3832.51499875, 6.3746590765e+14, 2.17516385534e+14, 30754.1016781, -47893.0333047,
1.01163843132e+21, 1.1346468691e+15, -3.92876436627e+14, -36339.7701664, -13371.7868993,
17.9954486652, 1.20426927947e+15, -6.34434741591e+13, 11543.2471693, 34698.1788302,
1217867.98382, -4.34230654099e+13, -6.95471122182e+14, -41815.999984, 26652.8544873,
3.41013386304e+15, 5.63749057401e+14, 5.67384849954e+14, -19940.9866643, 36052.5417625,
2945961725.18, -1.16341173871e+15, -1.20290330004e+15, 22362.1678612, -41498.2317812,
9.09170064321, -8.85148075242e+14, 7.07456327223e+14, 24846.140262, -43131.172711,
2.43209331653e+31, -5.46689112584e+14, -1.00611476475e+15, 1415.50843014, 40274.0498744,
73971.3671473, -1.17184485947e+15, -5.16583093669e+14, -36884.9694767, 39701.2760723,
2.67476563406e+28, -1.30251106021e+15, 7.7934620073e+14, 34371.353084, -37265.9346738,
0.087251675803, 2.94411900081e+14, 8.77602132398e+14, 47131.252975, 47159.6038146,
4.81691579461e+30, -6.26836958531e+14, -7.94938981886e+14, 45394.5971521, 2617.35188731,
6474607461.8, -5.45344612622e+14, -1.27767997491e+15, -10913.9206407, -28262.4977615,
3.13485009692e+25, 4.76938664807e+14, 1.29527959933e+15, 26758.7210676, 38751.7219827,
3.36955944681e+26, -1.78429473049e+14, 8.36224301868e+14, 34779.0018041, -9134.75334278,
1.05475536045e+12, -3.9079814916e+14, -1.04476948544e+15, 2844.60616666, -1383.48679904,
9.66216896717, 5.29501780782e+14, -3.77679505095e+14, -5616.16021954, -38765.2345398,
1.54500659621e+32, -1.19869938452e+15, 1.78744037505e+14, -11038.2734025, 8733.96853786,
2.48326641503e+21, -9.86378168107e+14, 1.07590431355e+15, -39389.5005295, -16568.0032411,
7.94885050104e+31, 5.27145333379e+14, -7.09336277184e+14, -33005.9069532, 39783.2033545,
1.53948994328e+23, 4.97296894037e+14, -1.18980286153e+15, 32371.9500898, -18460.6267501,
1.18882250635e+18, 1.21408181119e+15, 2.38561892851e+14, 49153.1971619, -8365.33774587,
1893.87181496, -4.83293747231e+14, -4.07590706216e+14, 40974.8576873, 4210.67317255,
2.33571939282e+17, -4.09597650038e+14, -1.21145297861e+15, -24473.7638384, 15976.511924,
57018966.0694, 1.60935653805e+13, -1.14986321633e+15, -10396.7718716, -6611.29288925,
2.54256314314e+18, -3.0033935638e+14, -3.17809367685e+14, -26991.8842454, -11468.805236,
3.71558154208e+28, 2.33090788361e+14, 5.10839857495e+14, 17474.0354623, 36202.5528386,
5.30763731406e+27, -4.46829167102e+14, -1.69445857659e+14, -40617.9281505, 48384.0767425,
18.279383287, 2.32366427692e+14, 8.08139437881e+14, -31496.7976177, 49594.3478001,
8.53285687397e+26, -8.92890882052e+14, -2.32667940199e+14, -13936.8418968, -30265.6329968,
1.0648047189e+20, -5.37028134138e+14, -3.90442664806e+14, 27896.844476, -23278.0023599,
43553652249.9, -4.70584110313e+14, 8.31748222247e+14, -13120.0154838, -14438.7673252,
1.97848582835e+20, -6.24999808776e+14, -6.06177901745e+14, -34785.6252236, 43206.6915144,
821597.6341, 4.55984160284e+13, 7.2547064772e+14, -29665.6789983, 47783.4424851,
8.21595425851e+21, -1.27614881582e+14, -7.58600852754e+14, -7509.02408203, -29686.2470405,
3.19036038549e+19, 2.97440235065e+14, -2.27150779832e+14, -29185.048499, 3160.85326146,
6.47040452105e+11, 9.15652480769e+14, 4.80190460176e+14, -6687.37096117, -49695.1807587,
3.39981799902e+14, -8.91539566436e+14, 6.39991104802e+14, -10799.2542557, -29568.888099,
771047.317795, 1.1093522041e+14, 1.75799694492e+14, 40879.8370341, -23667.641144,
151.218749933, 7.61989720972e+14, 2.69934160333e+13, -22131.6000843, -19290.5198446,
24825.4992775, 9.98388529132e+14, 1.04748548877e+15, 43135.1516688, -37266.5917267,
1.98800575505e+26, 1.13158310718e+15, -6.73588711588e+14, 2213.97095463, 23542.9719257,
4925497430.18, -4.97283343994e+14, 8.45825298913e+14, 3395.1658062, 35126.1323929,
2.66559942099e+21, 2.79478513508e+14, 5.85708431668e+14, -36515.2287743, 3447.90348901,
2.87947379523e+11, -1.24813985255e+15, 1.0384027671e+15, -13928.9865377, 30620.3766661,
2.59878693299e+22, 1.10493044741e+15, 1.14146150968e+15, 11451.5792654, 5674.26000724,
1.15223897617e+22, -1.15962150288e+15, -9.64056579393e+14, -4340.02655056, 9800.62926613,
6.99831974471e+23, -7.45643767858e+13, -1.20456727187e+15, 43145.6918034, 28746.7732657,
4.02117723165e+25, 9.24791382195e+14, -8.9525105631e+14, 21428.160803, -41772.1017799,
1.13646350651, -6.17324937949e+14, 2.55437264432e+14, 49682.389045, -11305.2559649,
8.45870410983e+23, -1.58529241444e+14, 1.32355530238e+15, 10760.9609949, -12863.6712176,
1.69495926325e+25, -3.64705610959e+14, -8.99727167561e+14, -8156.18727662, -20166.9320523,
2.24947909485e+18, -3.83342420095e+14, -1.27480095657e+15, 20984.5587446, 14178.873744,
1.61290040074e+19, -1.40178231095e+14, 4.71277304847e+14, 26688.9157475, -34294.0552123,
2649856.08903, -2.59675088702e+14, -4.35231452606e+14, -14293.2524463, -10311.7290668,
7.9752528287e+21, 1.33031762622e+15, 1.03284191135e+15, -24608.0007552, 4848.59664855,
45.7518219515, 1.7921860831e+14, -7.66693946557e+14, 23871.3521101, -36436.6056796,
6.3321115462e+21, 9.44895180047e+14, -7.00916788212e+14, -12114.0597784, -31499.468076,
4.02705695308e+26, -7.60795162531e+14, 1.30588613948e+15, -39567.8183642, -44084.1643923,
3.8384037465e+26, 3.66839337748e+14, 1.45466183833e+13, -11238.491144, 41513.7590143,
1.05940492817e+33, -4.3586719709e+14, 3.46395051128e+14, -19417.310554, 18115.0702924,
3.67391081337e+23, 3.37660878272e+14, -3.94401342536e+13, 10557.4390897, -39260.1480678,
6403.07493246, 1.58772806437e+13, -1.09754768541e+15, -49070.2083111, -26768.5851932,
2838718.44725, 9.73056780031e+14, -4.06871623534e+14, -49980.5320592, 26539.194397,
2.02386049911e+16, 5.08382023811e+14, 2.73124832172e+14, -22303.3225529, -32461.6262672,
9.0835098218e+17, -1.18590466518e+15, -6.5350415944e+14, 5668.01675002, 33516.0419265,
3386266.2329, -8.30675833904e+14, 1.7737439784e+14, -24273.5124444, 26132.9260359,
210264.990538, -9.26806935852e+14, -6.97879474702e+14, -23878.559604, -21158.1621018,
3018.34510441, 1.03642638097e+15, 2.01564513466e+14, 25202.62162, -49265.478702,
49435.3572249, -5.65403528082e+14, 1.66981832069e+14, -19184.1615806, 34022.9921417,
1.79311468902e+33, -8.33389575175e+14, 1.31857653048e+14, 12497.7059972, 42388.4828498,
6.09908490683e+23, 3.7828941735e+14, -7.02554016855e+14, 45975.9863687, -40389.3516583,
2012.11835951, -2.4888170783e+14, 1.06019974457e+14, -11524.3264335, 4793.62685569,
2.53019960947e+31, 7.14512013116e+14, 1.72245697177e+13, -48184.597763, -46173.0347157,
1.10852567003e+26, -2.06092413725e+14, -3.44745371266e+14, -20860.1054614, 49987.0634385,
144.734974121, -7.40108738451e+14, -4.94168199209e+13, 49316.3450394, 32339.3165084,
1.70965284859e+28, -1.04212019141e+15, 6.42327290263e+14, 14727.8419622, -15636.4735053,
2.06073603878e+12, -4.49475564732e+14, -6.00522139549e+14, -22651.7981069, -28328.354365,
5.4702204572e+22, 1.28209763475e+15, -7.6562941774e+14, 27209.1898115, 15121.4368932,
4.87738810975e+19, 5.30689690794e+12, 8.12178832748e+14, -36728.245119, 39459.6375608,
2.27830835032e+19, 2.94857735073e+14, 2.33559913695e+14, -31824.1468214, -29678.5110919,
3.11315838916e+27, -1.13320457923e+15, -3.20990384939e+14, -17564.9482283, -34208.0805589,
3.58295910055e+32, -9.3857901453e+14, 5.1734047709e+14, 34399.5807697, -9231.44863519,
2.67369384711e+26, -8.62124387839e+14, -4.2978040245e+14, -21721.344241, -35234.7325392,
3427007.94261, 6.14684220045e+14, 1.24685811519e+15, 13417.0223441, 36781.1212676,
70557742.4042, 1.26239924434e+15, -2.84268743688e+14, -19763.1609109, -3826.18717296,
2.26967242306e+31, -8.04076776974e+14, 1.29698632885e+15, 33939.8034971, 23416.798451,
4.21952192511e+20, -7.98200077523e+14, 7.89377028595e+14, -27486.4880355, -19959.7543349,
233705086.801, 9.53815926978e+14, 7.1835235444e+12, -39534.4266365, -33263.4133222,
5.97012208364e+12, 5.88794184264e+13, -2.87996338319e+14, 49483.1647246, -37092.6523778,
4.3450388474e+13, -1.12729310421e+14, 1.02473372815e+15, 47708.1193266, -45975.3566575,
2.24221006712e+23, -1.04505217506e+15, -1.45878794163e+14, 6975.49041563, -23570.5487108,
702655793.529, -3.78389693988e+14, -1.34330218399e+15, 27817.6126431, 42603.1101521,
2.87480659891e+31, 1.0140621899e+15, 1.20516728981e+15, 24527.1779656, -373.342437687,
3.19366117462e+15, -1.40529567219e+14, 3.89133995865e+14, 16991.984026, -6763.82277708,
179.139486066, 2.55209934972e+14, -3.87122229864e+14, 32066.6670438, -27248.5576014,
2.48759095315e+17, 2.60656492062e+14, -5.32590820121e+14, 23050.4697906, -22191.5846306,
1.62119698777e+23, -9.83775020372e+14, 1.82955293853e+14, -19428.8957947, 24738.2811713,
76053310400.0, -7.23258910174e+14, 1.18488766006e+15, 3903.92552528, 47785.1463742,
3.11619054946e+25, -3.42412525064e+13, -1.15168191205e+15, 1105.91322431, -26848.981419,
2.37589414992e+19, -8.42795662349e+14, -7.5771057053e+14, -34283.823964, -10137.1495424,
7.77402803026e+32, 3.33749980729e+14, 6.87990805774e+14, -39403.0358124, 35317.1800288,
1963.04245846, -1.1195065103e+15, -6.7134097342e+14, -16955.7405041, 11115.5522427,
1.41149462397, -5.38195909589e+14, 1.49863728902e+14, -4211.32474153, -33990.1394656,
2.71624765328e+18, -9.48743539201e+14, -8.17885031983e+14, 24867.1256673, -29735.8675478,
5.48482009894e+20, -1.26723192437e+15, -1.24016764755e+15, -15359.970799, 44786.5652793,
2.11186606529e+12, 1.54735973436e+14, -1.16932365846e+15, -38867.2492078, 48329.3972681,
2.82002048599e+17, -1.04536215625e+15, -8.82001159534e+14, 13800.1041239, 46706.675363,
8865759117.61, 1.17866435145e+15, -6.38944162164e+14, 626.696552657, 13614.6241113,
5.21056535428e+14, -4.5433861875e+14, -1.26263265063e+14, -37040.2332698, -20890.6481274,
5.38536105161e+14, -1.32851275461e+15, 6.01923429457e+14, -24796.6763692, 24996.0373332,
1.2710122591e+12, -2.57310595403e+13, 1.64192756134e+14, -19462.299969, 3921.45770772,
6.09786089235e+31, -7.71505794699e+13, -9.85652322931e+14, -9585.65722045, -42475.1820711,
2.54879519509e+11, -9.25402598287e+14, 1.11204202761e+15, 36210.7759368, -14884.9216977,
2.59174216808e+25, -7.30333382353e+14, 9.77729759194e+14, 27192.5161382, -46838.0268605,
143224.929636, 5.65284733473e+13, -9.35396898769e+14, 14858.71497, -46494.4178177,
54125.2866235, 7.29919999337e+14, 3.52590260749e+13, 38615.2649869, -25951.2102368,
16.9151178018, -7.41042821577e+14, 1.15322225682e+15, -18024.9817132, -19587.7655218,
2.19644061001e+24, 1.24662302912e+15, 1.00730932888e+15, 29182.7845109, -41661.5726326,
5.96100628137e+31, 1.22613548962e+15, -2.03443911079e+11, 47919.4875161, 805.151690584,
5351605557.09, 9.08735955844e+14, 1.13979615704e+15, -10025.9276914, -16809.7631766,
2.09457178573e+23, 8.4833480141e+14, -1.00425320041e+15, -3109.7808102, -27529.6664541,
9.9465189137e+30, -1.28542137803e+15, -3.4834344343e+13, -12027.9764366, 5139.05248155,
1.23556443503e+26, 1.09324267638e+15, -3.00452987006e+14, 30121.4941783, -34478.3090601,
4.95139857958e+11, -9.82304808919e+14, -8.10301121182e+12, 41952.3363916, -7325.0343082,
2.04327759337e+13, 6.79079307168e+14, 3.38016469764e+14, 15115.2176552, -19861.846461,
114543.01232, -3.14844337129e+13, -7.67657408661e+14, -33343.5940627, -28746.407677,
1.14263302382e+31, 8.66312234445e+14, 9.60250507633e+14, 32518.573251, 43808.709185,
9.39649923732e+25, 9.12704283594e+14, 4.83340173841e+14, 18626.4940201, -5439.11736635,
4.06714262507, 1.32591701925e+15, -8.29608347072e+14, 2782.25407565, -37553.7759859,
6.54133463399e+23, 7.75205898271e+14, -1.29679518567e+15, -14493.0275661, 17666.6057741,
128205.970814, 8.34775012681e+14, 1.11830801502e+15, -21424.2919212, 6579.96656326,
2628885.18838, 1.2286512103e+15, -4.34493591011e+14, 48162.7800118, -45367.1036796,
2.32042551006e+31, 8.76497277507e+14, -3.25465493694e+14, 19975.0411937, -16151.4049818,
77594.2731468, -7.49336779455e+14, -4.0048052379e+14, -27717.5491388, 8390.25366564,
4.43301853801e+13, 6.12114913066e+12, -1.27435701542e+15, -37061.7941522, -23878.8909544,
4.68003437369e+14, -7.67729093491e+14, 1.44603199088e+14, -41770.9008789, 26288.5348122,
290108661.974, 5.43610886936e+14, -4.31941692351e+14, -45460.0051672, -44121.0627149,
6.41214430685e+17, 5.74070598085e+14, -6.2556401329e+14, -45285.8161777, 12309.9823412,
6.68072137956e+32, 1.22803681059e+15, 2.22975513665e+14, 16557.5711453, 22230.9601792,
1.96401404477e+20, 1.63126954098e+14, -4.24447849275e+14, 24812.7807517, 49989.8179282,
37664162912.7, 9.00083300779e+14, -7.29450491426e+14, -27867.0337555, 44785.8093222,
7.75996507473e+11, -7.0875087781e+14, 9.60743592727e+14, -33095.5080053, 17366.9938967,
1.33489363248e+17, -4.03290788972e+14, -7.8872975571e+14, 38383.8552397, -28009.7380342,
101.643726041, -2.33024312083e+14, 4.43301235077e+14, 26227.6487475, -31133.0293321,
2.7535848058e+19, 4.63341246569e+14, -8.95051095775e+14, 5512.0383387, -11381.7466197,
533360493.287, 1.09350402223e+15, 2.37318316896e+14, -41775.6259716, 5983.97671746,
2.31306882927e+24, -6.45581955657e+14, 7.60272622683e+14, -13271.0113922, 11688.8474249,
1.39670809703e+22, -1.15266262969e+15, 9.08905533803e+14, 37397.5510395, -3464.35758208,
1576112957.35, -9.26844664124e+14, -9.19173339074e+14, 43604.7433183, 46824.6357255,
1.44514875625e+14, -3.75854843874e+14, 1.75418292736e+14, -10669.6898209, -24224.7068525,
467385417.521, 2.39236493153e+14, -9.84940617844e+14, -29867.7970029, 311.811157677,
12586646.2411, 1.9940388698e+14, 7.82395223305e+14, -40779.3692277, -28838.884306,
3.76077236216e+16, -1.10634440442e+15, 7.38735512652e+14, -12313.6538858, -35074.5342357,
53889835.9136, 1.24048366129e+14, 1.31187854232e+15, -26765.8802544, -17459.5655543,
4.27654539943e+14, -4.0277494962e+14, 4.31882034335e+14, -45776.9530183, -32898.6955046,
2.26796944005e+26, 6.09233172717e+13, 1.12970791425e+15, 21789.1125724, 31483.2825959,
2.6242531848e+11, -4.20887607057e+14, -2.47845132378e+14, 21327.65039, -38322.1927255,
5.77921518542e+22, 7.75053142794e+14, 6.7304127194e+14, -32878.7083193, -5109.76490645,
3.75030298924e+31, -4.35438364903e+14, 4.15903766714e+14, -41824.9180626, -12385.6378407,
9.7506260554e+30, 2.44031962655e+14, -2.69029891066e+14, 22409.5270096, -713.456736546,
688698610.673, 1.04020663797e+14, -1.1192638132e+15, -14693.2754407, 17883.3971473,
21005565.2707, 6.9591178718e+14, -9.24247447574e+14, -1868.96692845, -9305.75289601,
1122257.90465, 1.0497616536e+15, 4.55575314534e+14, -10553.410682, -45803.54011,
2.865462969, 5.38922526809e+14, -8.66429405533e+14, 49261.1032274, -33860.2371756,
7.20369428571e+33, -8.88930584936e+14, 1.22223660608e+14, 29921.2469602, -29109.3709206,
9.71736838067e+17, -7.34416574746e+14, 1.09141476165e+15, -24583.8953697, 49584.7688538,
1224.64731132, -8.34207362096e+14, -1.22273420255e+15, 34159.5612878, 30799.7451972,
1.09594766241e+33, -9.09103534021e+14, 2.37411723194e+14, -30009.4613639, -5014.28219207,
3.95861508471e+11, -1.03161357147e+15, 6.75932421721e+14, 12109.859938, 19384.848194,
8.99789075119, 9.8683855793e+14, 9.35538749511e+14, 2743.11219776, 32789.4137437,
85723880.5623, 1.19159463172e+14, -1.02138683325e+15, -47480.9298126, -7752.9502294,
619.427457064, -9.85090983518e+14, 9.46408249487e+14, -44044.9081198, 20800.6295966,
2.97606085943e+27, -8.48866164898e+14, -5.40347493445e+14, -48432.3964407, -7329.93706179,
7.58297144924e+21, -1.18652246457e+15, -1.30644465008e+15, 47088.0377244, -29583.7396532,
10.2742027765, 5.22541245173e+14, -9.57041815949e+14, -37481.7315677, -34309.403006,
2.26673579743e+16, -8.91613403863e+14, 5.23439720668e+14, -33341.0846176, 568.755852539,
1.0660094514e+31, -1.14063291511e+15, 7.78456841236e+14, -6701.01633971, -15743.7683717,
7.22183687184e+12, -4.00282016292e+14, -1.01028887967e+15, 15979.460061, -48683.808599,
2890858847.84, 5.38052115257e+14, 5.04275061396e+14, 25171.6475431, -160.988386384,
3976.17246595, 5.13651581105e+13, -1.29914245131e+15, -10559.2014041, 44018.2344015,
4.524298846e+27, -8.51554354222e+14, -2.07461442909e+14, -22141.09588, -12890.2123222,
2.37459759149, 1.09708533665e+15, 2.84823202872e+14, 45858.7218369, 23489.0381749,
12236988.4844, -2.82785963466e+14, 2.74578871512e+14, -41035.1486607, 3116.76300534,
83440746962.7, -9.39015411659e+14, 4.75025499557e+14, -34855.5521658, 27755.1063169,
1.47617472735e+29, 4.9856493534e+14, 7.83651942191e+14, 34494.2881273, -48090.00112,
2.76022033993e+32, -1.55898867016e+14, 1.26549988487e+15, 11640.8619021, 32737.1850237,
4222469.00644, 1.67623574904e+14, -8.37304505394e+13, 16068.40074, 31375.9077585,
7652.37133527, -9.1445876328e+13, 3.73943661379e+14, 1829.41258503, 27178.968447,
2.0508918015e+27, 6.17202662605e+14, -2.92018302749e+14, -48454.0205657, -6943.55068243,
1339.79347889, -1.86324554229e+14, 3.04717799825e+14, -49846.2604328, -19948.4176077,
2.86488829769e+20, 4.29617052331e+14, -3.66832614642e+14, -46270.7690007, 18895.5762969,
84756.3807148, -3.92245306485e+14, 2.6449279354e+14, -15980.1835184, 14137.1919371,
1.84439499177e+31, -1.25297993935e+15, -7.82729916711e+14, 20156.8729017, 16935.5106612,
1.49921119158e+17, -1.22212819748e+15, -8.72170555785e+14, 40398.7344171, -44412.9164422,
5.2701293605e+23, -1.15130116572e+15, -1.06570314081e+15, 4260.63231708, 10711.2243779,
6.96863898495e+25, -1.17860051693e+15, 5.41358432665e+14, -23930.1334287, -37409.9670618,
19080884.8372, -8.40628478491e+14, -1.00095328224e+15, 19342.396252, 36299.6226087,
448.774514389, 1.30616887797e+15, -3.77283516554e+14, -27236.6605616, 38992.9267117,
6.35339410709e+26, 6.44457313633e+14, 2.66712511876e+13, 26484.9453873, -11840.4274032,
321476449.108, -1.06176435589e+15, -6.69744487105e+14, 8530.56139786, 43226.3900357,
5.41984589502e+20, -1.0973023055e+15, -9.73913392312e+14, -1766.5694315, 42196.530288,
3.55124417242e+15, -1.0694411733e+15, -8.99312571909e+14, 21850.3621422, 47118.1390219,
10905.5778605, -7.29886448863e+14, 7.32837770342e+14, 34284.6607363, 25274.5760567,
2043849.49847, 6.10905128515e+13, 7.12256502949e+12, -26916.1220416, -30001.0461598,
1.14858415671e+22, -8.23914429365e+14, 5.95941698809e+14, -14912.38317, -4119.44507029,
4.76314847665e+28, -3.92410213029e+13, -2.17260663689e+12, 9918.54821554, -36528.5243919,
2.01252254398e+23, 8.59673567073e+14, -1.16716887812e+15, 2606.23528187, 40872.8128211,
1.09215697079e+26, -3.19870781134e+14, -4.02489113555e+14, 43243.1195294, 8170.40223785,
7.7473551227e+15, -1.21102160041e+15, 9.88916407816e+14, 10839.1336411, -9487.74658674,
1.18419915577e+29, -9.60370440476e+14, -1.1714561948e+15, -4923.62557609, -39899.6130522,
2.36993969865, 9.98135909881e+14, 1.07184080982e+14, -33491.4242109, -38618.8402139,
6.80971827615e+17, -1.06550645997e+15, -4.73125267302e+14, -13085.4809964, -27599.8713053,
4.43565134084e+30, -8.27838391847e+14, -6.72083728744e+14, -25804.1701609, -37940.8680325,
2.02763470432e+24, 1.29012973268e+15, -6.18158753818e+14, 3305.17829715, 40286.3461067,
4.63632643061e+30, 6.01937747932e+14, 1.16260503618e+15, 30238.1684726, 48465.801661,
1.26187480358e+28, 3.72095147609e+14, 1.33141482756e+15, 5442.91178725, 2098.66021633,
4.15827624503e+28, 3.95552670572e+14, 7.4625479225e+14, -17805.96048, -3571.15168613,
1.41894595953e+27, 1.51427065198e+14, -6.72960252262e+14, 15756.6949355, 11020.0711133,
5.67344905182e+32, -7.45656691872e+13, -4.55866017589e+14, 33673.1037305, 6022.32172092,
93446654426.0, -8.9763159648e+13, 9.57392484432e+14, -17414.6531802, 43153.6028804,
41319060.1789, 1.1585683431e+15, -1.01673296173e+15, -1014.35399833, -17232.4426452,
14917530549.3, 8.9954682117e+14, -1.23482287289e+15, 16303.1972413, 42113.241885,
1.26788954434e+24, 4.15534411658e+13, -6.42812039433e+14, -21028.3773064, -19101.4721128,
3149706412.73, -1.31777094465e+15, 7.099939914e+14, 16630.201459, 20613.926346,
2.78132012118e+20, -1.2116384241e+15, 1.03624924707e+15, 3014.96004219, -42553.2829467,
6.25360745454e+25, 1.33546408851e+15, 5.92645734309e+14, 14388.6358967, -1670.50968127,
1.08765252128e+27, -1.03300886134e+15, 7.39363292203e+14, 34269.979524, 275.306740667,
31966.5676345, 3.22669664801e+14, 3.83778969353e+14, 32771.0123396, 13297.9468224,
296417425.757, -8.95599526648e+14, 5.90770552489e+14, 244.918708088, 23312.5535217,
0.369309510637, 7.26527488753e+14, -1.91141391225e+14, 27884.3562873, -31679.3133928,
4.92681783263e+17, -3.99271713943e+14, -7.19739365995e+14, 21262.6657166, -10684.0842804,
5.41170456427e+17, 9.62889705274e+14, -4.86836609788e+14, 28640.7309203, 3682.19649611,
13847565.1299, -1.12938096204e+15, 9.98260496394e+14, 10860.2176456, 1285.43718912,
42529572073.2, -9.64948287542e+14, 1.5074446878e+14, 45444.0948472, 42467.2507375,
8.39596029085e+20, -1.06296373924e+14, 5.42109705542e+14, 42675.0339057, 7713.1932077,
4480.82747849, -1.0167362608e+15, -8.84328712607e+14, 5043.09860042, 13448.3103003,
1.10565022899e+25, 1.03883545734e+15, -1.16293048024e+15, -6125.98425649, 45919.7538858,
1.56905600893e+15, -3.23203347964e+14, 1.33990563585e+15, -38333.2453689, -27039.3579648,
2.48191995181e+13, -1.0624844506e+15, -1.1361236543e+15, -31848.788978, 7923.28514502,
1.73274466385e+31, -8.44963641561e+14, -1.00137980914e+14, -24904.4109588, -44907.2100351,
2.46738642052e+31, 1.31334619825e+15, 6.0874968595e+14, 22257.4110372, -6688.40981983,
1.65570052274e+21, 6.65079116538e+14, 1.34213651029e+15, 24183.6297314, 31812.7423554,
5.53458192249e+27, -2.40333419283e+14, -7.8268783775e+14, -4340.3546752, 17625.3198238,
1.84227730036e+17, -6.52153706373e+13, -1.31796998324e+15, -45096.5283726, -10895.5472772,
48.572351176, 9.23869996197e+14, 1.26412046173e+15, -22235.0358661, 29413.5963544,
1.14295234028e+31, 9.925812645e+14, -1.31174093737e+15, 42534.4528245, -46398.7519127,
95581646532.3, 1.209068756e+15, 6.60750289165e+14, -46419.9413423, -25060.5136319,
8.25653493702, -1.32024826406e+15, 9.69438402367e+13, -30185.4416264, 5818.29780055,
3.07846594888e+16, 1.261178492e+15, 9.33765181799e+14, 15306.8874184, 18987.0870135,
9.87551363644e+28, -9.64512151331e+14, 1.25316417094e+15, -7649.25747783, 25475.5493993,
6.57608018847e+24, 5.60532737535e+14, 6.28777139382e+13, -49864.26585, -31911.7564975,
0.684489713239, -6.0005667755e+14, -5.65501919251e+14, 32823.1850576, -22166.0517165,
5.29828949264e+13, -8.37595936847e+14, -8.90735415433e+14, -6246.0443839, -37093.5861234,
28422169.5368, -5.08145952477e+14, 1.02869920866e+15, -38474.9083543, 37629.9347434,
3.18743668975e+32, -1.01724752242e+15, 6.69136907137e+14, -21623.7907741, -49570.3643985,
3.00879111679e+25, 4.46084505518e+14, 1.17314019864e+15, 20605.0772577, -36237.5116901,
2.56461137627e+24, 1.28355588554e+15, 4.85444055792e+14, 5080.39176584, 36054.8690344,
9.80763711011e+19, 1.21267057126e+15, -6.43983406599e+14, -7547.59455076, 28268.3610998,
9.19866735167e+11, 1.28886802074e+15, -1.34184900576e+14, -6873.85431132, -21076.6722935,
100616192.722, -9.58635961014e+14, -4.74776481679e+14, 45192.3176098, 20390.7799326,
1.97849865071e+31, -4.58275908864e+14, -9.89635601979e+14, -9104.51587363, 33232.0099963,
458.57300313, -1.4070009965e+14, -3.5359646692e+14, -19063.479838, -2334.56185323,
1.04459807217e+19, 1.08255387109e+15, 4.59753988534e+14, -27903.0035072, -35486.7220243,
1.54893147321e+31, -1.10697670249e+15, 8.1163325527e+14, 9115.52250916, 46491.5743932,
4.26255997903e+21, 1.83700698694e+14, 5.37962661782e+14, 32093.5985167, 580.277533105,
1319.28121371, 6.59897443558e+14, -9.67842598325e+14, 26266.9534495, 2919.69322973,
7.72849045431e+20, 3.68396782153e+14, -1.43193043712e+14, -40368.9322636, 21726.0301834,
1.01368157384e+19, 5.18828062915e+14, -3.8044741038e+14, 10217.991737, -42496.9480264,
3.47757926056e+14, 7.64303365763e+14, -8.5505821197e+14, -48775.7434208, 24711.2881605,
4.56656813275e+12, 3.38905392203e+14, 4.51008400284e+14, -26498.3167573, -32781.1316631,
80.2113637982, 7.90975131743e+14, -4.02332137255e+14, 24070.5579927, -20910.0176526,
5.0561237377e+31, -1.08133274916e+14, 5.68171654167e+13, 22599.5871048, -8399.54916595,
1.25089253e+18, 8.5824095494e+13, -1.04390454872e+14, -46405.3973823, 1940.05594215,
1.05003318463e+29, 8.4240053198e+14, 6.28161389805e+13, 44337.9617863, 38544.5440645,
9.58127468207e+14, 3.77324865778e+14, 2.2709452225e+14, -11483.8814052, -35630.1651082,
7.60360000196e+24, -5.94508029481e+14, 4.32925409408e+14, -28781.6230911, 20477.7115246,
21917226.2844, -7.35004354783e+14, -1.08157379992e+15, 29167.6817541, 10940.5505475,
1.45422517549e+13, -4.00428650988e+14, 1.34060894043e+15, -27580.9935047, 35633.914201,
5.63063680037e+31, 9.85384833005e+14, -6.6343200565e+14, -42541.3004027, -19081.4257438,
5.86534814044e+24, 5.90818893516e+14, -2.50773167138e+14, 37727.926788, 9725.64085515,
48084.4166322, 6.12292332733e+14, 2.47814811462e+14, -6934.74993079, 24867.0442049,
558534.208844, -1.06102359815e+15, 6.11230341442e+14, -19355.9094501, -1353.58488647,
333958.501229, -7.91900440831e+13, 5.47108808974e+14, 20965.295422, -12472.9556307,
1.95391221056e+28, 3.95179021982e+14, 1.94967281755e+14, 25547.5443007, 49246.7242213,
4.58123609259e+31, 7.96451535254e+14, -7.51218269569e+14, 47359.2115028, -2479.57525994,
3.61430583309e+21, 9.6920434094e+14, 1.31983034698e+15, 46535.4465041, -11029.5512003,
1.55171705535e+21, -1.02151260458e+15, -1.94507347934e+14, -24870.4326753, -30490.3394602,
3.82894900002e+22, -1.15265647329e+15, -4.55158479238e+14, 21940.5969792, 739.476015393,
1.87691899171e+29, 2.62838962733e+14, 2.70009870338e+14, -33907.3493481, 42902.6636032,
5.0442627151e+26, -2.98803613431e+14, -1.24166611927e+15, 8324.65166132, 44567.1352091,
1.96880471451e+30, 1.0991661748e+15, 1.98985545541e+14, -11894.7959586, 7052.2917248,
23528421690.0, -3.057467933e+14, 2.66575020687e+14, -17878.1145035, -40160.0291372,
2.14006192474e+33, 1.29302553912e+15, -7.25148710214e+14, -46414.0614751, 45599.6541874,
9.85600396636e+17, 1.12070204071e+15, 8.22620908098e+14, 7810.55809911, 37432.130321,
3.71541066632e+11, 3.62613972569e+13, 4.79225957276e+14, 4446.17278176, -1690.2634367,
1.515698009e+16, -1.03546754068e+15, 8.29406257081e+14, -8664.1239616, -44304.6943699,
1.1372431563e+12, 5.49998712993e+14, 3.5512294707e+14, 6753.58084755, -20826.468826,
2.85758894559e+22, 1.07864982409e+15, -5.75804354299e+14, -3145.88002306, -8204.13211994,
2.16193143131e+29, -6.24659945099e+14, -2.0033898189e+14, 44085.0678352, 45404.760038,
2.71653705366e+24, -2.42489746636e+14, -1.0815010113e+15, -31128.5247253, 15976.8487816,
3.73282635222e+31, -9.39821761186e+14, 4.41253574079e+14, 3694.86735029, 15871.1276101,
2.90589125043e+13, -6.5604204433e+13, -9.47255773216e+14, 5294.02175107, 41573.3715608,
577.165545421, -5.31831603684e+14, -5.67647685782e+14, 32971.9975992, 38543.4968246,
7201731346.3, 7.79396422643e+14, 2.89316194442e+14, -34352.1303584, 16887.9507898,
5494446572.64, 6.86241547681e+14, -7.10595257927e+14, 5968.46098862, 49145.7087279,
5903.27451111, 1.17560464457e+15, -1.01593266705e+15, -25331.4704685, -29083.2967456,
5.8274782812e+20, -8.58080663877e+12, 4.95743384729e+14, -29320.0217703, 30568.9755981,
2.0289399643, 3.41683596708e+14, -2.25596034545e+14, 45039.5049088, 14067.2940921,
90951393.5266, 1.17239094403e+15, 6.28480690727e+14, 12671.6796839, 37674.1508966,
1.20521791008e+33, 1.00329378932e+15, 6.28500936115e+14, -25361.7616891, 47650.0766978,
30272667300.7, 1.22923743456e+15, -8.9190452718e+14, 25959.6073137, 15419.0341361,
3.41069987697e+16, -6.67252452435e+14, -6.73639856586e+14, 19317.7254446, -10127.0722432,
3436576.39427, -6.74648947878e+14, 2.57876039058e+14, 8137.31251735, 36782.3749212,
5.83018331372e+22, 2.08174465691e+14, 1.18684254477e+15, 34076.9477236, -37299.2496553,
1.71121568669e+31, 1.27693505017e+15, -3.85060815559e+13, -36633.6668503, -19748.8247863,
1.81744727672e+14, 2.35480032174e+14, -1.07214089711e+15, 26615.1587632, 19182.3815637,
14086.285815, 5.45225856835e+14, -6.77980169665e+13, 2858.12510575, 40940.8106894,
44.7140292492, 5.66662123865e+14, 8.82094978936e+14, 7066.1535106, -47991.9591273,
1528324.4728, 6.33602184608e+14, -5.14379956192e+13, 30015.8714736, 5799.30107548,
3.94632761284e+17, 4.1127339041e+14, 3.45846955712e+14, -36513.3874878, -49931.58853,
7.27670121226e+20, -6.30444436325e+14, 4.91999464681e+14, 8319.44536091, -29655.7285534,
4.47097558538e+30, -1.16545309821e+15, 1.07053777501e+15, -37577.3178401, -48983.724255,
1.00065338402e+12, -1.15760268141e+15, -1.09816208781e+15, -27241.1076987, 1510.84175756,
4743941349.71, 9.50333821572e+14, -2.27893338976e+14, -43720.4693538, 41959.0745845,
28634.9591446, 2.48592110994e+14, -7.44512333008e+14, -5850.9022273, 22429.3898815,
149800078.745, 2.74722382793e+14, 1.10725572265e+15, 40504.4849184, 4618.25543668,
1.85815105499e+21, 7.38335627499e+14, -3.14967066712e+13, 4598.22126208, 42141.4449089,
4.21048781971e+24, -4.90765904675e+14, 5.06723809938e+14, 17131.6571363, 43114.1998979,
5.31443737128e+30, -7.64666239903e+14, 6.11335806036e+14, 45173.4927964, -21478.8828214,
7.55851783222e+27, 6.11436434777e+14, -2.29549218067e+14, -35117.8457346, 13959.2238582,
226493.99262, -9.30654296579e+14, -9.6276392576e+14, -11080.4127543, 40668.1940966,
895.089768732, -7.42115478879e+14, 3.41012041388e+14, 23522.4569713, 23482.1375381,
167169889.132, 6.39522866844e+14, -1.12216740988e+15, -31411.6764279, -8144.92125809,
8.6289017063e+24, -6.02396129758e+14, 7.49508767516e+14, 32864.1624276, -20783.1948511,
2.45472151906e+29, 9.70866254699e+14, -5.48120217979e+14, -815.406317478, -13554.3773339,
10.1382586978, -8.37258667095e+14, -1.29011922083e+15, -37036.1688387, -42037.7448097,
2.94481695262e+15, 5.71012987966e+14, -1.02538886068e+15, 27421.1690029, 14676.2033073,
6.03990301622e+14, 4.41407776388e+14, 1.2003295895e+15, 40703.834639, 33139.4449675,
6.87775098985e+23, 3.87095653489e+14, 5.96485956264e+14, -35771.6295083, 34466.4811449,
8.76870424025e+29, -9.32261956093e+14, -9.53936489935e+14, 18656.7269509, -26495.6458318,
63382552562.9, 1.3445517462e+15, -6.26173949309e+14, -25548.0627859, -7963.69720811,
2.07788318807e+17, 7.82642617832e+14, -9.70871868556e+14, 6248.51741474, -47740.9361417,
100353629.108, -3.19531915421e+14, 6.34431930573e+14, 4738.74187223, 45540.8386065,
