# mass, x, y, vx, vy,
1.989e+30, 0.0, 0.0, 0, 0,
3.3011e+23, -47664337156.8, -32862823166.1, 27180.1319554, -39422.144803,
4.8675e+24, 69187097094.7, -83137862928.1, 26928.0586537, 22409.455127,
5.972e+24, 67983970262.6, 1.33260420933e+11, -26534.7460246, 13536.932962,
6.4171e+23, 49070625283.8, 2.2259784726e+11, -23566.4360686, 5195.1075351,
1.8986e+27, -1.80858148537e+11, -7.95621245045e+11, 12443.8266472, -2828.69199654,
5.6836e+26, 44460950593.9, -1.508210404e+12, 9376.88587605, 276.423805693,
8.681e+25, -3.00574674997e+12, 1.2764787112e+11, -281.850006955, -6636.77141615,
1.0243e+26, 1.54949826667e+12, 4.26459417636e+12, -5083.85761781, 1847.16956433,
1.68781581995, -52098016203.1, -40699499248.1, 27586.0708715, -35311.9717391,
416.972163281, -47721757341.6, -33417488440.7, 27578.2104223, -39121.1159727,
648658.750385, 35345979009.0, 2.36399598188e+11, -23340.2218751, 3451.73276595,
5.29440382326, 59023978725.9, -84361703572.8, 29442.0720682, 20407.4880406,
76.0354191422, 50850544683.4, 1.44313892982e+11, -27856.0281286, 9671.17651501,
533.798312421, 2.29106760617e+11, -1.48437581951e+12, 9233.37646634, 1881.71369177,
6832052.90477, 76783822849.5, 2.44701377719e+11, -21728.8653046, 6838.58307132,
29428.6050048, -90612352422.7, 1.76590439891e+12, -8653.07410653, -444.007841513,
16650798.1868, 2.98537181714e+11, 7.31697069484e+11, -12000.2375236, 4896.17526105,
3.79972990857, 2.38947077797e+11, -1.49661623848e+12, 9215.54003312, 1915.98745231,
12557.2985784, 1.42141832164e+12, 4.08763887728e+12, -5087.79746798, 1715.31766343,
1483.14255396, 1.05716934164e+12, -3.41858778981e+12, 5818.87583389, 1799.43810503,
2.60689181492, 1.85046018099e+12, -7.01006253e+12, 4137.22147633, 1092.11060088,
34.9197885503, 2.05421693305e+12, -3.86234701117e+12, 4863.48232186, 2586.67792155,
0.783882606962, -3.21926249949e+12, -3.61950501781e+11, 810.675296482, -6402.85601039,
96786260.7013, -4.63819499774e+12, -5.23312402204e+11, 597.898962731, -5299.26668356,
2852053.22163, 2.21721408545e+11, 2.19025229615e+12, -7725.78313999, 782.08867669,
926.738352534, 1.69713641022e+12, 4.5325129464e+12, -5035.53794717, 1908.61149876,
5636808.51698, -3.08026207639e+12, 2.69117593034e+11, -738.707191032, -6616.103735,
8.28984948914, -7.32583443071e+12, 5.29916666687e+11, -306.713268762, -4240.15843605,
59845.2594591, -1.77447742246e+11, 33416991704.8, -5017.88516855, -26645.4982505,
445.269252475, -1.98284680988e+11, -7.8801609782e+11, 11362.43492, -5484.9191013,
2.41594423205, 2.32928391779e+12, 4.24081361183e+12, -4588.15123844, 2615.19336422,
782.343739244, -2.13906464423e+11, -8.84736477627e+11, 12820.7252433, -3239.45541052,
25175352.7008, 43377476932.4, 2.26611610329e+11, -23603.7124418, 4445.43478305,
2557565.11561, -1.49729296645e+11, -9.25554535394e+11, 12693.1786569, -1673.3122828,
1.38411424161, 2.27288677471e+12, 2.40933985589e+12, -4604.96030066, 4344.15814766,
1064396.55091, -3.14003137131e+12, -3.07470108751e+12, 3845.17617849, -3926.87727522,
3801.61350696, -1.69392533531e+12, -3.5240536788e+12, 5251.49328306, -2524.26277553,
8312.04481934, 4.24254322613e+12, 2.8634195152e+11, -376.249274262, 5574.64179238,
10281781.8451, -4.34552398138e+12, 8.74681633065e+11, -1079.84399664, -5364.79537945,
18.1613398597, 1.35047657097e+12, 4.53961286656e+12, -5189.30866471, 1426.35938584,
1.07257156653, -1.85285008387e+11, -7.91784889997e+11, 9394.6868734, -6425.97485826,
351498.049851, -2.14579016432e+12, 1.8231314672e+12, -4445.76553751, -5232.57929278,
10027.6728405, -1.78240218327e+11, -7.81392132906e+11, 9636.84403574, -2326.6415212,
884.666613457, 86077752287.8, 2.44769358418e+11, -21354.138507, 7530.91853605,
594.137763685, 1.53045064579e+12, 2.50858051231e+12, -5737.62483816, 3500.44640615,
452.960863727, -2.06558529672e+11, -7.00923774848e+11, 11831.8267088, -4107.61295381,
0.563424395069, -1.30686079763e+11, -1.30974758029e+12, 9709.02829332, -1247.57141674,
2831794.90376, 2.06176605408e+12, 1.79795407827e+12, -4578.35776487, 5250.13554968,
9.99026953663, -43830834370.4, -27527911867.8, 26887.7236877, -42852.5930454,
381441.295668, 1.45684484536e+12, 4.84090767612e+12, -5013.75265768, 1459.52852693,
3.49899450356, 49937963547.7, 1.50423638149e+11, -27553.3449107, 9026.60752817,
198.297397441, -1.20133302754e+11, -8.98221090577e+11, 12883.389818, -1079.35227593,
4541687.82644, -3.53562000058e+12, 6.12957452392e+12, -3751.82622559, -2164.10320001,
45.5989493394, -2.98443749859e+12, 1.28009810209e+11, -294.522381886, -6138.78229121,
3.19729559956, -9.11401240988e+11, 7.19718399613e+12, -4243.72655081, -537.395965824,
0.648088939606, -3.88420077844e+11, -2.68849667348e+12, 6918.7392099, -999.583614515,
270547.220973, -1.36084586578e+12, -5.45121887232e+11, 3538.48864718, -8833.50633944,
76746.652454, -1.56798528186e+12, -2.52759553563e+12, 5676.87563035, -3521.63046258,
3031.58914714, 1.76779808785e+12, -6.11045703418e+12, 4388.25924446, 1269.55418522,
2089180568.57, 64411995887.2, -72101921047.6, 27482.4351398, 24620.8264466,
129.734703056, -1.95370619699e+11, -7.12608153195e+11, 11718.5333962, -3755.11329196,
174.045676548, 1.25528016559e+11, 1.59514812714e+12, -9080.27738075, 714.560102615,
31.7495577141, 1.76426725431e+12, 4.37530734274e+12, -4996.72317769, 2133.27238805,
206590717.361, -3.01394261546e+12, 6.02394414353e+11, -1398.48891761, -6446.33469185,
3.52077798328, -2.40264686747e+12, -5.22861330459e+11, 1562.39464083, -7179.4993641,
64341.3584468, 73608792550.2, -79565843365.7, 25538.1750605, 23951.0885363,
3413.71589023, -4.83416159577e+11, 1.38439128368e+12, -8982.67318865, -3136.66333124,
100456.90701, 95243215254.1, 1.4412068409e+11, -23126.7927589, 15283.5112793,
3061000932.25, -3.06534530761e+11, 1.03157484679e+12, -10646.3037938, -3163.57048441,
554824.798149, 67944147122.4, 1.41772173365e+11, -26420.5990418, 12557.3241141,
53135611.1059, -3.69955220589e+12, 4.84870580472e+12, -3709.01501361, -2829.97055872,
11.8037423275, 52730141807.9, 1.38118797732e+11, -28041.974722, 10537.0645329,
114.356599038, 1.19096548534e+11, -1.50005298324e+12, 9285.67389884, 1449.9507501,
893655572.077, -50059153963.7, -7.28521106326e+11, 13027.2477967, -98.2060784848,
949904966.378, -1.58543931501e+12, 1.85024866476e+12, -5604.8400572, -4802.67001418,
4811375820.03, 69063104559.0, -77597185856.4, 26460.8943082, 23760.7557453,
5.72986390523, 47556872518.1, 2.5656422893e+11, -22212.7790645, 4109.21941099,
7112.11353052, 3.09694482158e+11, -99171681778.1, 6161.70851449, 19241.8550678,
6615865.05341, 2.99800911511e+12, -5.30546005056e+12, 4063.3806305, 2296.13493501,
24.9895486469, 3.43235555518e+12, -7.18512013145e+11, 1260.6268712, 6022.05608984,
4532.96395673, -3.13190303326e+12, 5.85975825864e+11, -1293.4935483, -6373.82375584,
76274.6059749, -2.11373692415e+11, -7.05913999286e+11, 11762.9998941, -4222.45541095,
8.67915943028, 4.60828602382e+12, -1.30664010432e+12, 1436.05206142, 5064.69885794,
9.83650450735, 73268936506.5, -90993265364.0, 26425.1832902, 21229.3484539,
54.7839550914, -50649901391.4, -28907896510.3, 23595.8729781, -41476.0530038,
244434.085455, -57043954724.1, -6.71278930593e+11, 13986.7019464, -1188.5622447,
1508338.34821, -44946469784.8, -35122676064.2, 29753.8782366, -37950.7222358,
45606141.3607, 5.65666966565e+12, -4.76401617361e+12, 2729.168649, 3240.54431107,
52782571.2345, 1.19939877162e+12, 5.3939993444e+12, -4784.49257922, 1063.87008154,
77.1406501323, 67464403178.0, -74714598946.6, 26761.4593681, 24297.5785944,
45996388.6976, 43951921141.7, -1.496362639e+12, 7625.7928825, 199.702497094,
1.64600691993, 1.97165289102e+12, -4.07209039138e+12, 4875.28599927, 2360.54969589,
254.932382365, -4.25926327816e+12, 1.60619303369e+12, -1905.44918925, -5052.82340909,
1.08210526549, -6.56878168447e+12, 2.82697281821e+12, -1703.16736645, -3957.49634742,
1356425117.98, 1.12039411714e+12, 4.20345372062e+12, -5319.95569454, 1298.37900681,
10.5039370695, 70304932337.0, -85074690413.8, 27064.0109134, 22283.1700077,
43774465.3138, 1.40169063664e+12, 2.42174490016e+12, -5961.21559611, 3450.31389702,
18579.1087449, 2.28198572396e+11, -1.91562277579e+11, 13571.2006307, 16166.6934053,
861372.873771, 75766057961.4, -79077515842.7, 25031.299874, 24260.6774193,
325530.533303, 2.35767957003e+12, 1.16247316404e+12, -3142.57060117, 6373.63057744,
7353232.1665, 1.64921803121e+12, 4.34096814962e+12, -5139.90873075, 2084.07105983,
1.84258235621, 9.34465804677e+11, -1.87243160506e+11, 2318.72566062, 11571.9572048,
185014.121162, -95454902247.8, -7.82272583575e+11, 12696.0396942, -375.798430709,
2925792.21134, 1.50865502867e+12, 4.33083072565e+12, -5332.93572013, 1614.28911948,
8202.09237083, 1.47529927603e+12, 4.10244334238e+12, -5014.44764748, 1785.82538972,
5.58808568028, -3.3422237314e+12, 2.47004237287e+11, -506.448439899, -6396.57396067,
1385390.3465, -4.62900003682e+11, 1.64404650883e+11, -5501.73214629, -15490.7529507,
14630.4235584, 2.04513466281e+12, 7.17052413775e+11, -2589.4886305, 7385.58696051,
77.03682916, 62519897242.5, -95551174029.8, 28664.9100541, 18596.3102622,
456177.058602, 64219627629.1, -85747288296.4, 28287.0610712, 20888.5132212,
3853.27312372, 1.10940383701e+12, -6.59007495002e+12, 4395.0396177, 739.881390221,
20969705.4289, -8.58355981743e+11, 1.90788426809e+12, -7264.32371199, -3268.21485757,
17.405063998, 5.30403239384e+11, 5.3392760167e+11, -9422.08071201, 9359.88721272,
156239694.146, -44787289009.1, -34282723845.2, 29524.4436411, -38448.8037129,
1920725.69074, 5.22886263756e+12, -2.18677048786e+12, 1867.24769204, 4464.84061598,
183.404546713, 35591234846.2, 2.28005478301e+11, -23717.3778785, 3648.68417734,
8760.87753387, 75062424100.7, -91444494765.2, 26037.2109537, 21356.1400531,
19.9445343221, 2.70127714903e+12, 6.98855998492e+11, -1727.59429694, 6677.64318714,
64785.2730384, 2.99666673344e+12, -1.70911354194e+12, 3073.20556082, 5388.39149254,
177760.323601, 72031490382.5, -89020963089.2, 26668.6402377, 21513.6113288,
2465.76155982, 2.58872785952e+12, -2.23838097412e+12, 4073.56881824, 4711.15561174,
5.50269403148, -1.11114045355e+12, -6.32612293534e+12, 4477.59598409, -786.45927109,
7.93153819935, 1.44567074074e+12, 4.85641740228e+12, -5010.71237789, 1441.89581866,
2958.05435616, -3.08711504303e+12, 2.9300852663e+11, -777.304055839, -6591.75966003,
1759489023.77, -6.38773128127e+12, -1.81840639591e+12, 1224.05454515, -4299.88121777,
146123833.481, -2.70594905031e+12, -2.14250390922e+12, 3849.73103434, -4862.1503053,
15.113036774, 5.90364359664e+12, -1.3120882291e+12, 1016.4569567, 4573.47262982,
396682443.248, -1.67354000791e+12, -5.61126502531e+12, 4562.72044587, -1360.81528437,
34869.487017, 1.74027056336e+12, -4.33348091432e+12, 4947.56489416, 1986.8788431,
264171356.943, -1.31255898845e+11, -7.25513135253e+11, 12212.1710161, -1687.19084876,
886549.184718, -5.48018128764e+12, 1.80087271761e+12, -1497.6136175, -4557.34269418,
0.303548192, 45480571499.8, -1.50574488858e+12, 5898.52993051, 1724.38531713,
11.8220268245, -8.48562009518e+11, -3.38327958882e+12, 5983.70858445, -1500.77687862,
8110.34846773, 39303591867.7, 2.08010045115e+12, -7986.41860126, 150.903739776,
721.188680653, -2.20325746883e+11, -2.65073687394e+12, 7040.19369927, -585.171598977,
5459.16766369, -2.48009569908e+11, -7.31379577408e+11, 11608.9390003, -5054.0515391,
801.564798266, 1.76346028182e+12, 4.40880646744e+12, -5000.16169005, 2098.57992916,
7437163.67011, -5.49738797175e+12, -3.03591892916e+12, 2222.61302166, -4024.66810749,
0.536013078039, 1.54538353172e+12, 4.28643488453e+12, -5622.62644362, 1727.9430923,
39.7535732929, -2.71170229669e+12, -6.62709031069e+12, 3984.97294665, -1630.58895912,
0.0829216298772, 61092417959.0, -77145591300.2, 28686.3288122, 22657.2825112,
5.0331321613, -5.97321769303e+11, -3.75333195733e+12, 5836.53679698, -928.852157445,
3.27246669588, -1.42586543026e+12, -3.25579954189e+12, 5597.96209538, -2451.60690301,
19.1850696717, -3.73487886399e+12, 8.8277555508e+11, -1352.81810621, -5723.55195229,
927452912.613, 1.00135413312e+12, -2.45375995368e+12, 6552.70343551, 2674.0906984,
595694.250894, -1.79304811091e+11, -8.03317504768e+11, 16332.4441213, -1971.74204569,
1.21954396245, 49837017701.2, -1.63482914108e+12, 9551.35140134, 297.713642389,
316797.535881, 2.49095057562e+11, 4.12951164764e+12, -5654.29069071, 341.070805764,
116.525777273, -1.32755277202e+12, 4.35127199618e+12, -5166.69082072, -1576.33324859,
14960936.8673, -2.63835607187e+12, 77807907389.1, -192.245953214, -6964.73028223,
49683992.8848, 2.77396696013e+12, -3.60132597206e+12, 4281.09802936, 3297.57000023,
32048733.4345, 76771330068.1, 2.57645903437e+11, -21319.9728594, 6364.72128749,
129056814.803, -1.37282282691e+12, 1.0987007112e+12, -5429.16265615, -6783.72039756,
18333810.7275, 2.5271008166e+12, -1.93397122301e+12, 3925.24269918, 5129.07529979,
2912165.22478, -2.43690246267e+11, -8.11540330364e+11, 12331.072612, -4955.03331204,
13996.1818892, -1.23122473822e+12, -2.39370308313e+12, 6244.80980035, -3212.07937855,
776.884378342, -2.99242684534e+12, 500320490.089, 210.609793962, -6638.1954481,
5364935048.48, 1.87738603904e+11, 2.03345352237e+11, -16091.4038973, 14856.3892379,
2755.04428115, -2.90453400377e+12, 2.63100733649e+11, -756.915922097, -6608.29247266,
8207.30042335, 3.01809350893e+12, -5.10990944607e+12, 4072.2187624, 2405.19663674,
0.692525444257, 3.65517873395e+12, -2.47440182523e+12, 3074.24810889, 4541.26981153,
0.50957822463, -43296567965.1, -31848609181.0, 29431.6549125, -39964.1158915,
2577033.23625, 2.28379804157e+12, -6.10948248779e+11, 1936.48815251, 7238.82564368,
0.316878485143, -2.84548375177e+11, -7.13715562287e+11, 11602.5409219, -5636.21282354,
14.161768368, -3.1909739268e+12, -1.04277105508e+12, 1953.28491648, -5977.22885546,
357636547.297, -7.81234605539e+11, -5.05610523017e+12, 5034.04922068, -777.826662648,
156066543.988, -44916103606.0, -36619855260.4, 30298.256951, -37053.6201133,
97916.4530668, -67158692957.2, -8.33720824916e+11, 12883.8294473, -36.8269970204,
56715589.8051, -3.1551105039e+12, 3.10670094594e+11, -755.411507602, -6538.63900968,
1003756.26865, -3.23108469323e+12, -1.09414926907e+11, 313.332444294, -6495.8679915,
3647370369.2, 46946786260.1, 2.20938559002e+11, -23635.6056199, 4939.43692574,
1293575.84505, 2.36745824742e+12, -1.03633670688e+12, 2873.98828256, 6565.47936337,
795496.765941, 1.97744493321e+12, 4.33181254368e+12, -4822.58881648, 2316.68334859,
1812285.42448, 1.76034954866e+12, 2.95037907029e+12, -5337.99734956, 3184.92675049,
1096846738.15, 30408828763.6, 2.15089324458e+11, -24459.5903716, 3417.66810675,
8191.01479182, -2.18806825479e+12, 3.07797271497e+12, -4832.256874, -3435.15321418,
1095481755.99, 73357666783.4, 1.25434074059e+11, -25921.5538706, 15374.4795641,
233.859555446, -3.09071051933e+12, 3.85747851455e+12, -4044.23439243, -3240.34410877,
249424911.538, 2.00614312474e+12, -3.33273707166e+12, 5004.89245312, 3012.69808238,
4567448290.02, 1.55788084901e+12, 4.26874210246e+12, -5456.47928312, 2619.23379691,
6.33425300171, 1.2692741495e+11, -1.51962144858e+12, 9390.27891773, 1445.23585416,
715.836449488, 1.22594859255e+11, -1.35996948179e+12, 9399.06735597, 1107.06508787,
36.2799979932, 48952023813.2, -1.47816813594e+12, 8363.52947603, 478.790614428,
1423610.24356, 56956734113.0, 2.49630936411e+11, -22236.3305328, 5075.90431391,
33883.1090092, 2.2022578102e+12, 3.74118671533e+12, -4708.8423348, 2875.67628154,
260412.953122, -50132231977.7, -26930378199.5, 22801.7352082, -42569.6945037,
969518.733611, 58090425001.8, 1.33845181251e+11, -27681.014692, 11808.5698976,
23717150.3499, 1.06838951316e+12, -8.19563196344e+11, 6043.23438766, 7878.01145066,
2.68287037272, -4.11848228897e+12, 4.88707240832e+12, -3484.99465166, -2936.90937044,
646484561.824, -2.41455830202e+12, -4.43417654991e+12, 4503.19101502, -2452.13899999,
28639947.242, 5.11408804895e+12, -4.69802156085e+12, 2957.80319327, 3219.7523502,
0.341204144164, -3.58292134036e+12, 3.57674690496e+11, -603.132689302, -6041.73859932,
1910.56256435, 8.92551832132e+11, -4.23157541656e+12, 5421.02269143, 1143.43790644,
16314.6035411, -2.56612589821e+12, 6111712539.9, 12.9016212494, -7083.7009342,
3466823943.63, 1.47842162352e+11, 1.48739111097e+11, -17843.8927235, 17736.2878235,
545428475.195, -2.76275162224e+11, 1.55770462598e+12, -9019.44220406, -1599.69214737,
1401347375.94, -4.78272560221e+11, -3.36857430041e+12, 6184.2449219, -878.043465292,
46.0206218175, -4.79063262978e+11, -7.45067009751e+11, 10296.9502598, -6620.73414288,
24429055.6197, -3.83547011256e+12, -5.95887237915e+12, 3639.34803728, -2342.49195788,
229524.107063, -43404191598.6, -31297889548.4, 29106.9313516, -40333.6680894,
2558659614.27, 80720700071.0, 1.30826878267e+11, -24975.6732805, 15602.5945939,
4.74164481817, 7.43067753234e+11, 6.11596612515e+12, -4607.92086735, 559.845711359,
7606683.46704, 61124912405.9, -71884956224.6, 28449.4391656, 24207.6766333,
2851.702449, -9.04124325598e+11, -1.2302427607e+11, 1626.23568094, -11951.4561294,
54764.1944809, 68813878827.2, 1.33043992579e+11, -26270.0731562, 14336.1931662,
64952.8436014, 72634162014.6, 1.53262822524e+11, -25416.832901, 12012.7577168,
1.36602402592, 77985835784.0, 2.09758604802e+11, -22813.6555282, 8521.03261559,
3338453.75142, 4.39974256305e+11, 5.00733625486e+12, -5119.19967731, 449.80323994,
230.889692116, 2.50412059511e+12, 4.56369158391e+11, -1294.79551347, 7104.60830257,
98826.083225, 72816534924.5, 1.34677295819e+11, -25981.1686424, 14274.5140987,
1036074057.69, -3.92131823229e+12, -3.54475195971e+12, 3360.49451766, -3717.48674417,
145.765929125, -2.95265791511e+12, 1.31845784423e+11, -324.956838679, -6366.25902744,
8126249.51517, 68915551828.8, -85240574152.4, 27449.9482429, 21828.8187773,
3272177.2964, 4.18026680984e+12, 5.10459755909e+11, -680.52633744, 5572.97931656,
6712.86972315, -2.19901104224e+12, -5.82119312656e+11, 1954.88143808, -7384.75047152,
31009930.6703, 2.28772284218e+12, -1.30972069026e+11, 435.029035658, 7598.7641433,
3.35408893507, -1.9804510668e+11, -7.34810232227e+11, 11389.4578948, -3822.06138688,
2166.71693263, -2.02799698815e+12, 1.79813222183e+11, -713.149360631, -8043.15020832,
55820289.2322, 2.16270881472e+12, 2.34837641317e+12, -4743.27004296, 4368.25709669,
8032.23983105, -3.51950503768e+12, 1.69611004804e+12, -2530.5769429, -5251.06157416,
1382753896.83, 1.68677132411e+12, 4.1776527853e+12, -4923.55650723, 2205.53268827,
0.223872565611, 62979264144.7, 1.42518555033e+11, -26868.855025, 11705.212208,
0.527772274754, 2.74876651009e+12, -3.97015897051e+11, 988.294952905, 6842.52718548,
2848289442.67, 1.83148441824e+12, 4.14336392958e+12, -4892.15997671, 2325.63256754,
341.241889364, 2.42823333432e+12, 2.61153405901e+12, -4468.19741713, 4154.57951818,
266860342.056, 2.72261206637e+12, -5.28003886281e+12, 4201.41613212, 2166.42842115,
924353999.85, -1.6855993942e+12, -2.64807809635e+12, 5485.88009645, -3491.96505193,
565845801.804, -2.96895597704e+12, 7776404801.16, 187.979538854, -6623.54621282,
488.128521674, 5.98424839342e+11, 5.9207157972e+12, -4699.07936218, 474.950311531,
6774979.90999, -47972064663.0, -35190681752.2, 28035.1697198, -38099.4323944,
1520034.41036, -2.75289627144e+12, -1.46237180304e+12, 3061.40071022, -5763.0477988,
5980.80652457, -4.47012435323e+12, -4.95185333584e+12, 3311.2143923, -2989.09097058,
191250.287593, 2.75510597345e+12, 1.51881419278e+12, -3135.98601611, 5688.63120105,
28002514.7339, 76640691474.1, -6.15894291927e+11, 14512.8371772, 1805.94931808,
841.108876904, 4.49023224219e+12, -1.45341043663e+12, 1633.20806087, 5045.70719205,
358306.729246, 70044705190.1, 1.36662154748e+11, -26435.2408199, 13574.3442501,
90331.6686572, -3.47493989816e+12, 88507563908.6, -148.125279131, -6288.22889077,
297110286.072, 67828175988.5, 1.33210648561e+11, -26080.3625704, 12034.4534936,
2300873645.15, 59620581389.0, -80985177019.4, 29218.3475146, 21362.1353765,
54962799.2935, 4.56993631186e+12, -4.45831987493e+12, 3184.18742197, 3263.90526738,
2983539927.32, 2.01431565346e+12, -1.33179390239e+11, 534.977448767, 8091.44303307,
4.62052146639, -1.00627050245e+12, 83158995613.3, -944.344957447, -11427.1038005,
338.17646893, 6.41373126865e+12, 4.61088310318e+11, -325.798726049, 4531.85524288,
153.405730219, 38553875585.3, 1.28799853883e+11, -30085.1656171, 8896.2246442,
1074680.35999, -1.18829258784e+11, -8.56311757871e+11, 13118.9527762, -839.520479895,
416681.074922, -6.62393346782e+11, 3.02759199604e+12, -6393.40418534, -1398.78438085,
31.2825315303, 1.34271128713e+12, 4.76530409445e+12, -5087.85597472, 1361.46035599,
55488908.7351, 1.54198971048e+11, -2.53410777795e+12, 7217.62224617, 439.188077735,
1029234178.65, 71392239636.1, 1.88324792243e+11, -23978.8848099, 9118.11912612,
24.4074810795, -2.07122847334e+12, 1.33530955378e+12, -3976.83797079, -6168.56220018,
18998718.484, 70745205045.9, 2.25275978883e+11, -22626.7260109, 7147.89442936,
904.03517905, -3.70630949915e+11, 1.91984005919e+12, -8090.20022408, -1561.83770606,
5346114.48778, 4.42727361333e+12, 2.56121939354e+12, -2551.06511234, 4409.721122,
9.63182924468, 62249262163.2, 1.32616862055e+11, -27219.8763993, 12529.3743935,
30894.305306, -2.93113966281e+12, 2.53733203461e+11, -750.441886462, -6590.80175433,
87.7857049374, -4.57908072693e+12, -4.07003034754e+11, 475.748620983, -5352.51866739,
6253207666.27, 67677484784.1, 1.10777387581e+11, -27155.1121363, 16669.4518735,
2194409915.77, 3.43096497981e+12, -5.83169756481e+11, 1034.91371036, 6088.7120052,
10.9799844375, -4.54230248267e+11, 1.09044313352e+12, -9785.69095232, -4076.28485529,
0.0292353168213, 88789359422.5, 1.2187414648e+11, -23919.1488325, 17584.9522459,
177342295.769, -2.26474620201e+11, -8.70528605296e+11, 12783.367935, -3683.78668408,
73590380.6156, -3.01085973871e+12, 1.38830520846e+11, -929.948659699, -6914.81913067,
4775.70414253, 57535838292.4, -1.49146171653e+12, 8370.46460062, 1185.72150775,
0.610178614305, -2.93893018359e+12, 6.63088850453e+11, -1563.73978163, -6462.21860127,
47326.1032597, 2.92278321888e+12, -5.84988549733e+12, 4030.4215547, 2013.72291653,
2603494.9871, -3.35082755531e+12, -5.21773108623e+12, 3893.10862786, -2500.15484709,
66209216.711, 61073727941.8, 1.59932731396e+11, -26130.1748389, 9903.73972463,
7911682020.75, -6.73890873506e+12, 6.37335597223e+11, -416.959469037, -4408.74763673,
12847.5479027, 7.01377726014e+11, 1.03734538854e+11, -2001.9704935, 13535.8726976,
82749984.7893, 58307070172.7, 1.23043876187e+11, -28093.9015814, 13255.0864874,
71.719018168, -1.82793570185e+11, -7.88846757227e+11, 8395.4978068, -4055.29111082,
26992.0691434, 49857563396.8, 2.31398772268e+11, -23219.2520708, 4994.11811038,
0.752972511902, -46729883447.8, -32236952102.6, 27380.7543503, -39687.0743385,
1008785.37685, -2.88675797078e+12, 5.04992154498e+11, -1159.74192269, -6629.59653839,
371.061249709, 1.2494780041e+12, 6.47723669583e+12, -4404.68750579, 849.677171278,
343326.71729, -2.11128901619e+11, 6.20326015589e+11, -13474.0854451, -4585.92544703,
2.70893296786, 4.0443841222e+11, 35249084098.4, -1570.05503141, 18014.3847774,
11493410.7005, 1.17034703006e+12, 3.56701107034e+12, -5568.56968278, 1809.5019915,
2227995.82425, 5.42282348386e+12, -2.98219574551e+12, 2231.7382417, 4058.19187596,
773023340.134, -1.40304669568e+11, -9.18625749418e+11, 12754.2816686, -1494.8242943,
936.14986881, 74478642754.5, 2.50994771204e+11, -21611.931388, 6427.9324104,
2123.65490155, -7.14004509905e+11, 3.66408309367e+11, -5871.94975367, -11442.4222892,
57584.1233302, 64987906271.6, 1.53896073202e+11, -26105.3971035, 10946.2595715,
105.487880574, -1.14096070691e+12, -2.99663091853e+12, 6013.10233334, -2289.47563965,
3.1100893402, -2.87641796811e+12, 2.19572267945e+11, -627.023560174, -6608.0677189,
1913.2317615, 3.97087769326e+12, 3.01649949684e+12, -3121.00443057, 4108.44652449,
6.26387649958, -2.88797107468e+12, -245406290.327, 134.859036175, -6656.09626579,
682.459839897, -2.85975392257e+12, -2.61494184701e+11, 729.652458154, -6729.23593163,
59139146.1549, -4.54260920735e+12, 4.11270928324e+12, -3123.80458591, -3450.33468127,
1291.2584551, 1.61300272366e+12, 4.40324448479e+12, -5188.34291857, 1918.25225463,
6010918085.69, 63912142163.8, 1.09486649161e+11, -27819.1536842, 16291.5169276,
73308.1824181, 40525689185.0, 2.32760569078e+11, -23395.7136521, 4029.2836736,
56478104.6425, 1.94400022663e+11, -1.76607577187e+12, 8900.05438382, 1124.98807613,
44875.168471, -5.2456420129e+11, 5.75139248337e+12, -4774.47528577, -435.463033013,
3.85205282385, 94339183191.9, -1.48014730578e+12, 9042.22063581, 1311.29079456,
272.158920822, 1.81455128933e+12, 3.81102393752e+12, -4964.82957971, 2468.36471461,
318.215233736, -2.95775303726e+12, -2.25361256742e+11, 634.594122179, -6653.10006344,
4854090274.52, -7.91670424186e+11, -4.00827487464e+12, 5591.99800903, -1104.47002122,
90.481403263, 1.58835919527e+12, 2.16475234041e+12, -5669.05592466, 4159.59689168,
147190.275198, -1.23479766911e+12, -6.54284719877e+12, 4387.60686439, -828.050321904,
10.7790659999, -1.10557560182e+12, -3.60876665306e+11, 3315.19640801, -10156.3792185,
370056.375935, 72591109319.2, -71417729914.0, 25164.489559, 25782.6918072,
174424140.103, 7.74728192983e+11, 6.4684544934e+11, -7350.28485655, 8803.45206205,
4145476.0131, 71323833424.5, -1.49445119814e+12, 8897.60224248, 1446.83666849,
128.195666011, -3.16533059908e+12, -4.9695682045e+12, 4003.43317074, -2549.95786259,
39.7483066229, 2.22185667114e+12, -3.18679122248e+12, 4795.10198998, 3343.18397455,
4366689385.24, 5.4193595546e+11, 3.03127635782e+11, -7137.55312633, 12760.6203347,
1820107.63327, -3.60889177221e+12, -4.59193143753e+12, 3748.39393862, -2945.93859428,
10860.119981, -54802397500.3, -34407565539.2, 24095.3031293, -38412.7955303,
106021579.004, -5.40275794157e+11, -1.98398374461e+11, 5235.06408948, -14256.0563618,
1859646415.11, 68142668643.5, -69085600577.3, 26180.9407667, 25961.7013076,
76149.3023257, 4.19601829456e+11, -1.15224670066e+12, 9776.35135756, 3560.15331846,
2233.59747673, -5.10933427587e+12, -4.71653227743e+12, 2963.66688047, -3210.48683311,
1523.19768371, 72069343814.4, -82235766650.1, 26105.7249791, 23277.2464076,
1.76585763588, -49398079200.8, -28428405729.7, 24008.8826937, -41853.433813,
488855.460863, -2.99312254279e+12, 3.09860293048e+11, -861.615266995, -6594.25929195,
303320128.461, 8.74371903776e+11, 1.54434770339e+12, -7526.11137626, 4261.10021573,
226739328.18, -4.29156959144e+12, 5.50082976204e+12, -3439.12425755, -2683.09359194,
19859141.4673, -5.68106332072e+11, -8.99566057319e+11, 9444.28580747, -5964.38530052,
436082.714029, 4.23764093189e+12, -3.55134784015e+12, 3147.28171563, 3755.48958386,
3112.74820464, 5.84419837627e+11, 1.54736456733e+12, -8380.6928166, 3165.28065751,
473666.648463, 57991345480.7, 2.07391982785e+11, -23868.2549381, 6710.91523469,
99711314.5417, 1.56677646598e+12, 1.13721221886e+12, -4864.05902413, 6701.38174895,
54.387704024, -1.13210557527e+12, -4.29796594429e+11, 3716.09456163, -9788.37763249,
102089435.026, 64629828043.5, -91404208745.5, 28279.3999067, 19791.2807927,
36.1182539132, 1.44952576741e+12, 6.95351574856e+12, -4232.07033526, 882.214871194,
15118.3137143, -32828127113.5, -1.56713698587e+12, 9579.33254665, -689.540191181,
12929148.51, 88397541142.8, 1.33020614096e+11, -24009.5859222, 16096.1417412,
6916.80875601, -2.05237230195e+11, -8.09960459406e+11, 13291.3389409, -4920.43928693,
4997.39632649, -1.2993089024e+12, -48719618256.3, 378.606537648, -10097.0997409,
428723.370029, 2.70069871425e+12, 3.08949995293e+12, -4282.18721701, 3743.29104624,
6.71065536774, 2.17884815729e+12, 4.38980164165e+12, -4681.96854941, 2415.09880552,
5494977201.12, -1.532011925e+11, 2.84858489332e+11, -17842.0314698, -9595.71366189,
189941.141251, -44117557224.3, -35265773210.6, 30310.5739138, -37808.904261,
559.286614646, 67630186151.2, 1.30829390639e+11, -26271.1323418, 13728.4871019,
43521.946215, -50423446968.8, -34134872033.5, 26210.1983862, -38741.9215091,
102572.283518, -3.27678308034e+12, 6.20819541104e+11, -1263.32642216, -6247.55827803,
7569638.58517, 79089480079.5, -75878792787.9, 23997.3059814, 25244.1369467,
1.15652957302, 39145759168.7, 4.19797571229e+11, -17667.3129298, 1647.46159698,
112274403.027, 76129380308.9, 1.39237805762e+11, -25494.434538, 14035.1658939,
138069.878459, -3.19855286661e+12, -16143947518.9, 125.300963019, -6566.48395074,
3344564.93295, -3.03486691824e+12, -3.66692045606e+11, 898.441620716, -6548.50077215,
2196245.18087, 1.67184770509e+11, -1.57279723321e+12, 9353.48414535, 1431.17611392,
1.06993124705, -6.21695000748e+12, 1.23316332636e+12, -890.420848876, -4489.02573142,
3.61915112061, -51098144241.6, -27720978515.0, 22737.105, -42036.0133303,
143496426.305, 3.59025820086e+12, 4.02860018889e+12, -3702.7629108, 3299.87446831,
50.1451839915, 64866156854.1, -7.05967767407e+11, 13626.3559406, 1252.02506771,
105830789.3, 2.7235219067e+12, 4.55289986255e+12, -4292.70114524, 2567.87233652,
563.192536387, -5.19910418848e+12, 4.85317417911e+12, -2947.99401584, -3158.12445004,
598086038.292, 2.70785705518e+12, 3.09879017999e+12, -4276.75082121, 3737.21007612,
28118.5321537, 6.59807170828e+12, -2.79145159554e+12, 1677.19189678, 3964.32896104,
775788.777185, -5.5196160963e+11, -4.91724438405e+12, 5147.20090846, -577.77427287,
234086087.385, 1.20242676967e+12, 1.3974076227e+11, -1208.8596482, 10401.8697061,
442.751033438, 66787989561.6, 2.60323786825e+11, -21556.3442211, 5536.62169454,
1.62467049886, 4.82457250662e+12, -1.90460088516e+11, 206.832602514, 5239.30706605,
0.935875649101, 60826861232.7, 2.43732233441e+11, -22340.3276804, 5586.62684748,
2407.95869476, -2.89986906974e+12, 6.29010311475e+11, -1417.83318425, -6536.50746585,
530.11674915, 1.92613026947e+12, 1.97562544076e+12, -4966.43867641, 4842.01492284,
157.984854849, -45028581792.6, -34183375656.7, 29338.3834306, -38518.1417425,
567625735.348, -50678927073.6, -30560852275.4, 24411.0819289, -40618.0653202,
460.276708889, -9.54588785928e+11, 19962520329.6, -246.523860016, -11788.5371361,
158253.649169, 42558196973.3, -1.51121545085e+12, 12125.8579729, -1483.24401968,
242653.705201, 72397922372.0, 1.86798133181e+11, -23975.0952435, 9319.66501916,
2334987353.24, 1.558304896e+11, 1.89399328438e+12, -8329.59299205, 685.32690418,
0.907732737665, 4.24387833776e+12, 5.03521542936e+11, -656.645481588, 5534.46734106,
6.32328504017, -8.09421369019e+11, 6.06620404392e+12, -4616.40497682, -615.972824065,
1.52907155761, -4.37859272433e+12, -3.96970418469e+12, 3183.19955439, -3511.07633227,
667741673.274, -2.33307508029e+12, -6.1502757478e+12, 4200.21430722, -1593.32942683,
21831.6920449, 48552601678.4, 1.89783673095e+11, -25183.0835501, 6451.29119216,
3035.47476143, 7.16283676191e+12, 5.70421298525e+11, -341.208207342, 4284.5852659,
2505692.48817, 4.96329810903e+12, -1.48428224811e+12, 1450.3452293, 4849.81595867,
37523.9154203, -2.40900833185e+11, -8.17880949991e+11, 12458.2218685, -4844.41593963,
5484077419.46, -2.99069236683e+12, 5.94985518213e+11, -1398.66380645, -6467.56464783,
72.4723180393, 1.68787987684e+12, 7.71400590136e+11, -3515.55059936, 7692.27712364,
29544.1668779, 17913751780.9, 2.13119113616e+11, -24815.4068572, 2052.05514999,
1.23361209552, 25670088938.9, 1.8675055256e+11, -26263.0362605, 3596.37773816,
117.376239287, -5.34323091432e+12, 2.15746308169e+12, -1797.02273473, -4450.55468687,
2338732.47329, 67997908610.5, 1.22224809963e+11, -26731.4776032, 14977.6179471,
24.9225478871, -47339487962.0, -26463514707.7, 24082.0661553, -43181.1998092,
95338882.8064, 1.25320967726e+11, -1.72278452753e+12, 9123.9080889, 779.440699732,
3746.30191474, -40577792229.3, -33204617041.7, 31867.8086095, -38885.2004933,
728504.070596, 2.65664667937e+12, 5.17144746961e+12, -4250.29697889, 2183.43847089,
4865321.33646, -45303070708.9, -30103543695.8, 27281.8202988, -41095.0510122,
2167.4559432, 55584625800.6, 1.30399736104e+11, -28111.0688996, 11827.2278477,
25938.4102952, -19147753978.2, -1.42655096272e+12, 9167.56143164, -501.464912597,
4610.37424034, 46702125585.8, 2.073114454e+11, -24330.3008243, 5484.67035266,
602803.275933, 59463314587.9, 1.2314723673e+11, -27923.7864969, 13435.6276058,
735122980.923, -3.02951170118e+12, -3.88714594049e+11, 944.760761769, -6543.77802961,
117.084360049, 1.31268148725e+11, -1.31039152257e+12, 9606.10382795, 1169.11046993,
15129.7120607, 1.94328559597e+12, 3.19909616316e+12, -5089.74253746, 3091.75556339,
58421.531496, 95212718002.0, 1.2436960395e+11, -23079.1517487, 17808.70132,
1.00453514185, -2.92526116212e+11, -3.09365638196e+11, 12829.8806071, -12131.5190897,
483741.341757, -7.4528803904e+11, 5.25448767995e+12, -4951.73568819, -702.346185906,
589895139.574, -2.71554482604e+12, 7.33332478938e+11, -1791.01136322, -6632.1508735,
15467.5269547, 1.29809625403e+12, 4.44141794437e+12, -5226.83439391, 1380.58918572,
163882.321303, -50836838439.7, -8.46859719233e+11, 12835.3923177, 136.345899054,
32138476.3256, 16184211193.7, 1.97794541936e+11, -25757.4363877, 2083.40459929,
2.35639931512, -6.35005259724e+11, 2.12734013542e+11, -4472.3389703, -13349.8105081,
27080543.4604, -4.17936993004e+12, -3.80373441395e+12, 3262.23390973, -3584.39386754,
99822.605976, 66803864143.2, 1.44691644424e+11, -26388.1151446, 12078.6910487,
71848892.4108, -7.96004121229e+11, 1.1352335411e+12, -8011.5520349, -5617.54758501,
39414479.88, -1.36100410406e+11, -8.11778931437e+11, 13078.6499413, -564.951381802,
3700845824.92, 45797469468.4, -1.47155912026e+12, 9490.87617134, 295.37251049,
1886079.86388, 2.36352283818e+12, -6.74270323928e+12, 4067.67172347, 1425.8428223,
440347.956264, 2.50584458238e+12, -1.66647681169e+12, 3677.84140296, 5530.28934443,
647711510.626, -2.59661386888e+12, 6.47617312469e+12, -4048.50293268, -1623.24240887,
219.721923432, -2.76581728021e+12, -1.12783566044e+11, 282.149913692, -6919.22710258,
90520.8461991, -1.04953903448e+12, 3.4483041825e+12, -5805.647738, -1767.02912476,
1643.60736451, 1.17224620853e+11, 2.59834677041e+11, -19670.587999, 8874.40139399,
14.3401630864, -4.11060079599e+12, 2.16739797802e+12, -2492.81176529, -4727.76764145,
5.06912881217, -3.53188383806e+12, 1.83842064039e+12, -2665.9461025, -5121.685291,
13.5120678659, -4.0981276038e+12, 3.20321569044e+12, -3111.05812546, -3980.22312985,
116906416.83, 70883633791.5, -85049762329.4, 26865.9509615, 22405.4601281,
268.84318636, -4.03557088621e+12, 4.36993266229e+12, -3470.54060263, -3204.99506462,
952013400.571, -1.01065895923e+11, 9.36580530789e+11, -11802.3095801, -1273.58081069,
3.85069292063, 4.14375830693e+12, 1.53658598626e+11, -209.666070002, 5654.12887414,
1288.67149305, 33136088216.7, 2.25805257293e+11, -23871.9562776, 3451.31328708,
0.773206287589, -5.15011623608e+11, 1.06593544265e+11, -3219.98061745, -15557.4848103,
1005.74439485, -2.26002186985e+12, 4.84266546885e+12, -4516.33851302, -2107.72845589,
146068.855089, -3.46241464851e+12, 4.60216913285e+11, -871.885900278, -6192.92360311,
9456.06250406, 2.16162670805e+12, 6.72459558858e+11, -2274.66238875, 7311.92070445,
75.1115982266, -2.83163497685e+12, 32770371956.4, 2.56113482404, -6696.08119251,
1909.07529221, 3.37557668792e+11, 4.12217938311e+11, -12212.3466548, 10000.465492,
14622.5377351, -8.28129003831e+11, 1.45844403879e+11, -2179.2360076, -12374.0678153,
6042.06074106, -1.90876808347e+12, 1.69377639217e+12, -4787.04010827, -5394.66095713,
54671739.753, -4.92285468617e+12, 3.49450252055e+12, -2714.30117948, -3823.75179372,
2424536.65682, -7.46661698664e+11, -4.23320722678e+11, 6133.52577609, -10818.4374859,
6065954.81905, -2.27424508476e+12, -2.62064538395e+11, 871.698506009, -7564.76269102,
712736.759047, 56277642564.5, -79957664150.5, 30093.6078785, 21055.71608,
58942813.1105, 49651215955.7, 1.42504773241e+11, -28070.3919177, 9633.96301639,
0.134588175774, -7.4733758643e+11, 1.53037466901e+12, -7933.1718174, -3874.05620259,
209.006340719, -49125823334.7, -28424366500.4, 24155.0407694, -41881.3431149,
123868.738514, 63099701016.7, 2.15288053016e+11, -23318.9678301, 6887.84723343,
35289.6624818, 1.99483016873e+12, 4.54695643675e+12, -4795.90155089, 2173.45892105,
4615802.68104, -1.75812439228e+12, -1.08821701055e+12, 4217.036225, -6813.04756165,
55100056.5173, 55491338353.9, 2.23087697341e+11, -23325.6556418, 5881.85002285,
8394258.7506, 1.360485303e+12, -4.13894855991e+12, 5243.81319169, 1723.65775407,
370751247.639, 4.59374662984e+11, -3.07286191002e+12, 6464.57166005, 966.415190343,
5.16959237291, 1.01413412532e+12, 4.49845736721e+12, -5233.97196301, 1179.94884588,
534.186540954, -3.40329597527e+12, -1.14912095451e+11, 268.78964199, -6335.28505852,
797030019.659, 2.18671525307e+12, 44681611838.6, -159.153065217, 7788.94093034,
11.6813185351, 8.20202645082e+11, -2.62308655152e+12, 6633.15120405, 2074.09403233,
40329.8733326, 9.21965971266e+11, 3.82819800479e+12, -5644.79937374, 1359.46806584,
28440962.2255, 74572753301.0, -76070070621.0, 25056.124823, 24827.9107036,
188311345.748, 48150033488.4, 2.21060465729e+11, -23535.1260828, 5075.74360476,
10.2824870136, -9.9723137753e+11, -1.18079558741e+11, 1351.93658903, -11417.6712836,
203652592.234, 69246528085.2, 1.35048418908e+11, -26665.488886, 13740.2253327,
152846.833683, 1.15583912645e+12, -2.10466416076e+12, 6517.20393687, 3579.11701343,
2.77154539196, -1.79878838081e+12, 4.45829247293e+11, -2036.06000703, -8214.89641047,
22.5959358857, -2.51156731384e+12, 6.80614015758e+12, -4013.07228269, -1480.8835757,
3634834.811, 1.75347282872e+12, -9.08886181833e+11, 3772.76411579, 7278.62244848,
24806925.8766, 1.1627073756e+11, -1.62704523555e+12, 9445.46369756, 913.34163696,
55405160.4171, -8.10859295667e+11, 1.74857789853e+12, -7528.78391662, -3491.28536337,
91752.9921251, 3.09955709055e+12, 2.81266058637e+12, -3784.50074779, 4170.52671903,
474794024.183, 55404593355.7, -81210337100.5, 30333.6516675, 20557.8261752,
678591061.417, -1.82343289962e+11, -8.22799649605e+11, 14407.5284442, -2833.18049927,
243.579289185, 54593310259.1, 1.32965063691e+11, -28108.6093738, 11370.0413735,
1255.71771949, -5.71576637896e+12, -2.89041776639e+12, 2054.41717427, -4062.58526002,
9.37827295853, 1.76081227772e+11, 1.50219169773e+12, -9304.71320997, 1090.66328122,
1552683399.84, 1.91046159045e+12, 4.33115064605e+12, -4869.82537777, 2271.36444755,
182255.085144, 4.0172538765e+12, -4.18268001429e+12, 3450.55985109, 3314.08926585,
2134.00673773, -2.07974147166e+12, -2.50403551687e+12, 4912.57640467, -4080.16931575,
117395.706708, -1.93518285345e+11, -9.1795044591e+11, 12649.2371216, -2558.29679628,
4676686775.93, 1.9350966332e+12, 3.46742961754e+12, -4969.75554362, 2855.91290093,
4.53529631999, 1.52672630561e+12, -1.56343871917e+12, 5576.2902783, 5445.34873749,
37298265.5358, -1.62900988154e+11, -8.3151018933e+11, 13872.2493942, -1611.26821581,
151329.996465, -43748682472.8, -32673197637.0, 29500.1533547, -39430.0238484,
19359.7292213, 64651018737.1, 2.17418964067e+11, -23171.9314547, 6943.58909048,
11416.8391446, 9.39706974327e+11, 3.00148622548e+12, -6199.9015784, 1941.06862923,
29.7879577043, 1.93076455817e+12, -6.36616487711e+12, 4274.74231698, 1296.46673001,
14806.8248063, 75810638267.1, -83546908295.7, 25416.7936131, 23271.7079782,
292778.978501, 72988122016.2, -80382982340.1, 25732.2493546, 23718.1773064,
128233.899951, 62148403959.8, 1.22257460718e+11, -27575.5582273, 14014.2892528,
636.231064703, -7.00744747285e+11, -1.35406775294e+12, 8287.00774629, -4288.61638299,
640514.888322, -18406366596.4, -1.67078786724e+12, 9347.81619022, -266.435323656,
2659.26530347, 3.99123095988e+12, 1.67152988416e+12, -2139.57130404, 5108.8067946,
3459.30397015, -3.14685578693e+12, 1.33484576976e+12, -2433.51247158, -5736.92704973,
55.7523694811, -1.96871275153e+12, -5.0086404846e+12, 4622.2716013, -1816.84532369,
434140.992185, 71786354589.5, 1.42410450993e+11, -25947.8912838, 13063.435673,
2806390.0067, -48135651601.2, -28751153565.5, 24878.519691, -41781.6929797,
1378373.32834, 3.20522961768e+12, 4.71611543595e+12, -3990.52172392, 2712.09188859,
6996631737.47, -2.10912902584e+12, 1.72478485646e+12, -4418.72842717, -5403.38022342,
2219.75642081, -2.94394155005e+12, 3.45016695524e+11, -932.969892278, -6602.85643187,
4494010.81769, 6.33917199239e+11, 1.54226149775e+11, -3372.01263232, 13860.0153528,
1179123.68162, 6.17921251105e+11, 1.26774744858e+12, -8720.98359207, 4250.75285943,
96.5276472959, -1.39247447597e+12, 1.20472149726e+12, -5555.39320953, -6421.18802216,
6297587.97231, 45553608581.3, 2.12397152974e+11, -24111.0541162, 5163.42630149,
1.39534775888, -4.61377933609e+12, 4.52764569328e+12, -3173.99073324, -3234.37253045,
3547769459.71, 69346395967.6, -83524489540.7, 27719.1288735, 22673.0361653,
1417432.47654, -1.59743264632e+12, -1.38380951914e+12, 5189.13860227, -5990.20262174,
203721110.933, 54892267526.2, -1.51677108417e+12, 10409.5810396, 1634.26466601,
381694.735247, -4.04191130025e+12, 7.60162924727e+11, -1050.06263302, -5583.35573113,
2407.6739863, 68033328985.2, -83070827672.2, 27171.6297033, 21748.9164491,
182.785883287, 65811697034.8, -74622735262.4, 27219.4734887, 24090.5503268,
32203.5361043, 1.23812371948e+11, -1.52725959294e+12, 9436.42170407, 1415.03789374,
758657611.443, 72025656387.8, 1.40757825509e+11, -25984.6138652, 13301.517593,
11.6269119449, 3.70188732117e+12, -1.60079328091e+12, 2277.06265015, 5265.78256832,
283352726.955, -2.47663529142e+12, -4.60390524817e+12, 4437.73257853, -2387.24398645,
387308.493013, -48863972383.4, -32155852362.1, 26123.413694, -39902.5043267,
193463620.996, 3.66220203169e+12, 5.60941648806e+12, -3727.41978294, 2433.50878494,
18.1202824276, -1.776120679e+12, -6.75548982928e+12, 4216.09992473, -1108.47657983,
769.548177803, 74402838186.3, -69547784775.6, 24513.8648463, 26427.8829917,
3.90442321769, -1.25361631873e+11, -8.28840479015e+11, 12442.5000889, -1881.92077392,
4248.52635018, 4.14385651309e+11, 2.13299335687e+12, -7672.70579308, 1490.60904345,
274.367681023, -49716100002.9, -38040638367.6, 28041.5222611, -36594.8000682,
42.2234410635, 1.68335221436e+11, -1.74460257729e+12, 8996.442557, 1010.82558186,
2391719699.98, -3.27545714212e+12, -2.31694815811e+11, 539.455053986, -6410.49583647,
34.7608343913, 5.51532022317e+12, 2.69158109682e+12, -2039.7578568, 4179.66888356,
1412.20705212, 55443668591.4, 1.1052812135e+11, -29178.0271073, 14631.0003782,
22152.5143002, 71758337245.0, -70008714817.0, 25258.1233676, 26076.0533902,
23575445.8545, 80342875616.7, -88344288739.7, 24735.134032, 22579.5772917,
7529.65072402, 1.53119117501e+12, 9.35466287565e+11, -4484.17739248, 7339.79721325,
43478548.2755, 96294177354.9, -1.48637605264e+12, 9101.86669168, 1367.13847858,
2575.17133792, -3.34494177284e+12, 3.63370785516e+11, -745.94036847, -6341.71348368,
21.9264660198, 61512076783.4, -74911315967.1, 28476.0176893, 23368.6746568,
18399.0261592, 9.86885953661e+11, 1.42680894383e+12, -7194.17366614, 4976.01936826,
14710249.1816, 3.62282147898e+12, -1.15318463494e+12, 1792.26902006, 5630.55603177,
35531.2528518, 1.14647171767e+12, 2.75320665032e+11, -2477.65940212, 10317.3019367,
7213849767.85, 1.54375483825e+12, 4.26443175979e+12, -5056.24931749, 751.223431332,
17321918.0318, 3.45751665993e+12, -5.12486193568e+12, 3841.37154616, 2591.60271721,
8264.83057268, -2.46161052416e+11, 2.34928663934e+11, -13636.4831212, -14288.4694449,
45.5202013995, 1.37861058257e+12, 4.20871747486e+12, -5142.20618498, 1518.89715814,
319436409.504, -9.58925545297e+11, 5.68630199374e+12, -4731.09556059, -797.841619261,
2628.68458412, 67527556933.5, 2.1493054015e+11, -23140.1216071, 7318.56534391,
3240.64471203, 64818360794.6, -82335130020.8, 27917.0575583, 21750.2065509,
258666.226765, 62708275587.9, 1.7988139436e+11, -24896.967673, 8698.96998858,
30.8586075457, 5.67466245218e+12, -3.66972253508e+12, 2406.74477838, 3721.66126874,
2666.0977559, 48077309346.6, 2.22805513462e+11, -23631.821139, 4889.15118998,
571.531712813, -2.94070231444e+12, 3.45972228601e+12, -4119.80041067, -3501.75696231,
4688462166.29, 48829220292.7, -1.46858381751e+12, 8529.94498703, 422.731901721,
3326459.67498, -1.527990111e+12, -8.10867604153e+11, 4106.39707315, -7738.05006817,
4851263.77698, -19632213232.4, -1.32661517571e+12, 9583.0190401, -295.723396167,
70214.1433251, -2.43135163297e+11, 1.70056872769e+12, -8702.06650751, -1244.15927853,
2.56572593299, -3.08464020827e+12, -2.74867754738e+11, 581.100698703, -6521.26904437,
5701760.79047, -3.17682928502e+12, 1.67561597805e+11, -381.502993826, -6627.57961907,
2080.41452031, -3.35870353526e+12, 2.08184881889e+12, -3053.53937596, -4926.35843873,
122.43893025, -1.31514388818e+12, -5.9209882784e+11, 3938.4769397, -8747.971846,
116.680823147, -2.16032008261e+11, -6.8820466136e+11, 11936.9373855, -4392.4387696,
99.3864016044, 62063497692.6, -89163636139.7, 28810.5153971, 19827.5885115,
32013098.7393, -43517935252.0, -1.42793577954e+12, 9254.65709908, -710.534428077,
17.5995579743, 3.73044344199e+12, -6.02681415081e+12, 3679.76018727, 2277.67721307,
3505750.16713, -2.15856802034e+12, 7.10001431387e+12, -4046.55699948, -1230.24660873,
14475993.5436, -49866240905.9, -35113535568.3, 26920.2051915, -38204.1218911,
17063.5934819, 3.48901837539e+12, 3.82528001503e+12, -3741.10170327, 3412.23976692,
1627734986.1, 58403141627.3, 2.13884926993e+11, -23565.0993342, 6487.78293792,
11326.1808412, -2.25520186225e+12, -2.62876531487e+12, 4698.6778025, -4030.9672645,
1905.46111356, 20267400284.2, 2.40281894585e+11, -23398.4243638, 1941.71366056,
29.7215896001, 1.53646579504e+12, 4.31174647923e+12, -5433.09508114, 1708.07047387,
3966.64886846, -3.6162584951e+12, 4.0402219594e+12, -3686.78026605, -3299.90544843,
1131.40265913, 69170182262.2, -83203889750.3, 29049.3480375, 21849.7563281,
246.825833602, -45573654778.9, -38212155441.0, 30412.253984, -36179.7722635,
110328.977877, -1.24974153401e+12, 1.39947328544e+12, -6273.83372011, -5602.58681539,
79791.4284041, 43685230806.4, 2.25382009409e+11, -23645.4523103, 4500.99497115,
3.22147318475, -1.7233763818e+12, 1.58273761308e+12, -5094.79009741, -5547.50253709,
2820422067.82, -4.68099029432e+12, -3.30326468149e+12, 2775.35091176, -3932.89425279,
368711099.24, 1.33285679285e+11, -1.51495514313e+12, 9356.18003796, 1469.48604531,
1823.63029532, -1.56582883949e+12, 1.4580059234e+12, -5367.73804604, -5764.69471105,
4293.70682581, -1.88018710922e+11, 1.03921718209e+11, -12024.9332477, -21755.918658,
3.04609281802, 62926142077.5, 1.19663971325e+11, -27578.2698843, 14526.1304452,
93993.8091561, -4.61359650441e+12, 5.26964762955e+12, -3275.54222079, -2867.74964898,
272.909445681, -4.37474336252e+12, 2.40243635822e+12, -2482.45305002, -4520.4506526,
760.267110522, 94310256535.7, -1.27186772301e+12, 9786.52129319, 836.217600299,
14908860.6685, 3.80676239343e+12, -7.78357948955e+11, 1170.88920889, 5726.5388158,
519346684.24, 1.48936481898e+12, 1.30465376233e+12, -5395.278618, 6159.13462582,
59500.5562637, -1.70680117154e+11, -8.16583454403e+11, 14445.2859853, -1562.33947529,
4383.04161427, 2.07297652081e+12, 3.69438581726e+12, -4881.82388378, 2739.26622458,
307465.872133, 71404571062.0, -91616919773.8, 26850.080221, 20830.0099855,
18081.8631782, -2.29259166879e+12, 4.30501358111e+12, -4604.69910541, -2452.18617955,
3814508826.14, 79723010332.9, -1.3540483291e+12, 9398.23693324, 690.657789073,
1076741340.83, 5.32915359058e+12, -3.65982568562e+11, 341.547366867, 4973.34718328,
1106877.47826, -1.58360022826e+12, -1.65171095065e+11, 947.222320217, -9081.62219256,
2.01484905812, 54351402816.8, 1.95914026239e+11, -24583.2657949, 6838.50868916,
928966034.739, -58476408913.4, 2.71808933596e+11, -21361.9719342, -4595.77023277,
1255719.73759, 3.05315250877e+12, 1.52022500324e+12, -2780.7022437, 5584.63912472,
244.29031197, 58117658637.0, 1.40694499622e+11, -27401.4188413, 11130.7880621,
56.9898337353, 2.2605958741e+12, -5.99367436349e+11, 1930.81574052, 7282.33439451,
34.7892095885, 9.08477689435e+11, 4.07966519811e+12, -5472.84451563, 1127.70586882,
31.9395777632, 1.86551779025e+12, 4.02412783454e+12, -4883.80474087, 2405.29686023,
108.375610987, 3.17727060999e+11, 3.53607809464e+12, -6090.18384427, 547.221006436,
30.2615213355, 1.44524797143e+12, 2.31905275474e+12, -5915.24214325, 3686.41536532,
15560.5505089, -47567249286.4, -39871921971.2, 29764.370679, -35441.2764427,
64491.3515354, 2.09063285187e+12, 1.99569664969e+12, -4679.52402101, 4902.13111846,
5752023.45963, 8.90715998463e+11, -8.84417603488e+11, 7245.85601442, 7297.45750101,
56747790.744, -49380208602.1, -32573965077.1, 26065.6436403, -39653.2580499,
646005469.879, -49516690009.6, -30313675191.5, 24898.2589398, -40830.38006,
26802459.7537, 2.76297052214e+12, -7.3860557801e+11, 1759.44722247, 6581.72772543,
21.1041672795, -1.09120984379e+12, 1.72681363848e+12, -6814.7354856, -4306.3746307,
4907986.27021, -6.942953529e+11, -2.72070687352e+12, 6662.23924268, -1700.13234102,
493052.644688, 5.51854994077e+11, 1.84951103175e+12, -7946.98079702, 2371.21107438,
35.0615944369, -4.70648864975e+12, -2.39899703067e+12, 2276.48303216, -4466.13372807,
389.638933631, 1.2145289109e+11, -4.69661887004e+12, 5313.73741921, 137.41135696,
510905824.53, -1.91652366193e+12, 1.13838084208e+11, -493.03712683, -8300.53778888,
303897.925294, -48438459783.5, -31255960020.6, 25917.8829434, -40369.2612845,
74244.0274757, 76032491927.5, -94785506948.4, 25916.0202669, 20759.9482919,
593.561572844, 3.72492777394e+11, 1.01586030081e+12, -10399.2941567, 3813.18372248,
1.63716507383, 1.4690608507e+12, 4.14044241015e+12, -5000.01462002, 1721.16688091,
725457.898043, 16962937433.8, 2.38060547111e+11, -23539.3683272, 1644.98590501,
41662461.0357, 46058925216.5, 2.1958443298e+11, -23735.0182711, 4922.53705658,
163570166.68, 46123020261.1, 1.82728484792e+11, -25700.28905, 6492.90943594,
10601.8837331, 71541119838.1, -89085332130.6, 26786.2287434, 21425.6858408,
25777513.3925, -45706569762.2, -31406203741.2, 27650.6618615, -40247.307664,
13809665.3264, 71127095342.7, -93475033023.0, 26925.9467899, 20389.4946506,
1.23789603705, 48229652491.9, 1.55359068975e+11, -27368.2809247, 8392.08570303,
565.908355827, -7.19070237868e+12, -1.1401072262e+12, 668.670462302, -4217.33164508,
1674347879.04, 3.55189219644e+12, 3.0925672654e+11, -529.273378016, 6078.83942312,
1920.83423658, -46893272178.2, -34285942596.3, 28316.864465, -38533.4179216,
62859828.4199, 2.31746060666e+12, -2.26573102222e+12, 4474.01900834, 4576.16667804,
3828.29921657, -3.85405484359e+12, 3.40985380088e+12, -3365.48309108, -3803.90396938,
1500647063.15, -2.96641036854e+12, -1.47635575461e+11, 475.204925496, -6656.70014065,
1335780.54088, -3.97820468387e+12, 5.87721221874e+12, -3581.5213403, -2424.28288125,
556822252.689, 2.28520843563e+11, -1.68117290508e+12, 9030.16055599, 1473.800343,
46.0192892355, -3.11327660415e+12, 3.58576175444e+12, -3992.35759839, -3466.29652432,
1300191120.51, 1.69264095934e+12, 4.38354177047e+12, -5080.74917422, 2061.96394423,
2.24793291371, -1.12470478082e+12, -3.32961520933e+11, 3019.82882956, -10200.6259233,
27.8155118271, 1.26826398972e+12, 4.76374183231e+12, -5109.70477061, 1281.41338623,
9165.21026761, 65292448891.7, 1.46683742335e+11, -26436.0868021, 11659.3240442,
1279285.31054, -1.01295232612e+11, -8.14544556186e+11, 12907.8718737, -358.417254283,
5477.77411659, -3.5604074024e+12, 6.10241633173e+12, -3743.97194706, -2184.39134764,
3825352701.0, 5.21878274286e+12, 8.88270447181e+11, -840.233071076, 4936.55267405,
3659684543.1, 89408546563.7, 1.53699059369e+11, -23697.8185831, 13822.6607288,
593727.237551, 4.04584379369e+12, 4.1027684861e+12, -3417.57948493, 3370.16158611,
590.816577416, 81082669073.6, 1.21655947976e+11, -24973.7615195, 16824.4654833,
401717.576201, -6.28555545779e+12, 4.16046593109e+11, -303.188710645, -4580.51931323,
4327932.48068, 76770408894.5, -91806429988.7, 25675.6565015, 21475.3848921,
1888596737.79, 1.50493172691e+12, 4.33694389649e+12, -5321.75237234, 1614.10413898,
3.13459238638, 1.38576663787e+12, 4.00056579981e+12, -5164.95885784, 1754.59504669,
968.915387009, -47734805030.4, -32628480630.5, 26751.1645089, -39643.1930678,
1356.19339726, -49312006931.4, -37370986704.3, 28040.1466434, -36939.0076656,
2218906.06433, 2.0020044378e+12, 6.87630006305e+12, -4133.62531354, 1203.4867801,
5637.06526574, 1.29321962871e+12, 4.65296231251e+12, -5152.53663121, 1337.19105238,
398.946417183, 40413960849.4, 2.39067061611e+11, -23113.8112976, 3877.85654326,
2087.89071715, -2.31022243861e+11, 1.66352367872e+12, -8805.90202124, -1222.92172345,
957.50567775, 9.68759996753e+11, 1.55496242686e+12, -7224.78141194, 4501.12433346,
401344.696766, -50415301334.4, -32431229235.3, 25444.9487405, -39664.2276826,
3432240.68075, -46822637427.2, -35406389843.9, 28768.0188141, -37901.4881749,
667.902762386, 2.72090989589e+11, -1.51463726818e+12, 9152.88067978, 2050.13579703,
107.058717709, 67928373073.0, 1.41942839663e+11, -26413.2212304, 12536.4464499,
6393.30393068, 3.43243173774e+11, -66414227123.1, 3701.66388591, 19131.0042363,
5.01681882279, 1.65491035875e+12, 4.50237689431e+12, -5085.77713976, 1880.57380413,
11914.7322563, -1.31444731924e+11, -1.76915263965e+12, 8626.50218659, -640.932976586,
61.7984724067, -86856591470.9, 61936527906.4, -20480.704882, -28721.0839403,
67712.0773845, 1.31441004432e+12, 1.18979517202e+12, -5806.90523409, 6415.09962862,
0.0863484755833, 81150514943.5, 2.2907518196e+11, -22037.1238329, 7839.63487292,
761569532.261, 6.7796709884e+12, 6.03704392782e+11, -391.696209267, 4398.79427413,
150.949801942, -2.92037768207e+12, 1.90783887845e+11, -577.940323189, -6532.72452525,
443573240.543, 2.31576924782e+12, 1.14358095147e+12, -3174.35474915, 6428.11783489,
4755554.97128, 2.05237634765e+12, 4.50913080196e+12, -4759.61801437, 2243.81497909,
283861.7, 1.49983586532e+12, 4.0516041763e+12, -5026.18083111, 1884.19913215,
255628.380234, 4.62935807044e+12, 2.08099260685e+12, -2096.77988751, 4664.47831782,
5405068.19533, -1.34561884864e+11, -2.18824187919e+11, 19363.8919613, -11907.467019,
85738.7115736, -49598316027.5, -31461919289.0, 25408.7891482, -40222.4400041,
5.325564497, -1.30009614445e+12, -3.71477449771e+12, 5481.61588469, -1918.45499139,
2124323.67808, 1.87562538765e+12, -1.206386704e+12, 4173.60127371, 6488.89156435,
2.3355318272, 1.23787581785e+12, 5.93883294491e+12, -4579.38742667, 954.516318046,
1108.14953608, 4.69773754953e+12, -88334914112.5, 99.929706211, 5314.35998888,
95904.4671889, 83476278649.3, -81091887762.8, 23511.5196887, 24373.2324632,
3407511.58915, -2.84519065969e+12, 64494496760.8, -87.6966666789, -6657.37245487,
1695616.81495, 1.47054348148e+12, 4.26966720041e+12, -5145.10958114, 1472.22579862,
167678.504293, -1.32720052582e+12, -4.42341969739e+12, 5135.16576487, -1540.75244258,
102036.892929, -5.9723454122e+12, -1.88953944768e+12, 1388.59556633, -4388.99138629,
158745532.873, -2.48024724936e+12, -4.14489638622e+11, 1197.59433719, -7166.23477136,
155810232.24, -3.20769868422e+12, 1.76396159362e+12, -2901.67890992, -5276.59539473,
786708066.104, -3.00936254786e+12, 1.24347666991e+11, 459.301251728, -7436.63169076,
34.9353408857, 76717927337.1, -1.34540958535e+12, 9439.95174401, 657.94394488,
125317.696538, 7.20608481264e+12, 3.35959449389e+11, -199.774976672, 4285.02733874,
15.2889092364, 63736092377.3, -79072240634.5, 28016.9542266, 22513.1626301,
253.886724436, 2.40120264959e+12, -23393185556.9, 72.4312073056, 7434.72950584,
4.40651280312, -1.68047209519e+12, 2.05149259918e+12, -5473.22274954, -4483.368892,
57716693.87, 60824425268.3, -4.24514994094e+12, 5591.09813202, 80.1091446074,
8023548.79477, -4.41394382597e+12, -3.74362655728e+12, 3097.7213931, -3652.38573037,
948.681428228, 4.99266095365e+12, -1.18920896167e+12, 1178.40869798, 4947.31816145,
760.993466808, 11107075663.4, -1.64595400578e+12, 9483.03339153, -61.1549116828,
1.04152434723, -1.78117961658e+11, -7.28707619107e+11, 11547.7023262, -3102.26143712,
63.098738995, 67736385097.5, 1.3274835127e+11, -25830.537382, 13200.5004354,
591241624.856, -1.01233434403e+12, 6.13939406823e+12, -4557.32388325, -751.464302931,
2.8328916318, -3.01873093153e+11, -7.61861394118e+11, 11562.5368864, -5655.70231874,
8453185.50651, 9.84015046358e+11, -2.64128449609e+12, 6430.85626052, 2395.82647409,
154.599559429, -2.03492795446e+11, -7.71329497733e+11, 11043.8356016, -4622.41603911,
62577699.0887, -9.82814174967e+11, 1.6860878867e+12, -7125.21873089, -4153.26272354,
0.426349970054, -2.22578028504e+11, 1.31186066634e+12, -9847.42515368, -1670.7723105,
0.0240601226456, -3.05945917753e+12, -2.76825744134e+11, 592.371508323, -6546.84936662,
1364465.0099, -1.74311389846e+11, -8.45821403453e+11, 13711.7071933, -2297.8872151,
231227442.276, 7.15451229325e+12, 3.24429257311e+11, -195.025487259, 4300.82125656,
5028.04446502, 5.36142538394e+12, 3.8633852573e+12, -2620.21201944, 3636.20770301,
102257036.698, 3.96602479396e+12, 8.45582444668e+11, -1193.03633992, 5595.68346536,
2531724.74495, -52664990613.4, -31821902360.8, 24007.0573936, -39817.9331511,
573943009.12, 7.39635478204e+12, -2.0722360405e+11, 118.622627179, 4233.95317255,
6039528.38097, 99432604821.4, -1.49936450784e+12, 9247.24097674, 1436.84867618,
229.155068345, -2.09976341149e+12, -2.90630320289e+12, 4932.10179063, -3563.3745548,
108048.20342, 2.97669088805e+12, 5.74505265762e+11, -1253.98248612, 6497.27419865,
19.6410460481, 2.33027618809e+11, -1.59888328787e+12, 9153.75948856, 1690.93885675,
22549239.1268, 4.88236268378e+11, -5.11850834348e+12, 5058.11374296, 482.475442682,
34401612.807, 20031036492.4, -1.55680200852e+12, 9979.07895457, -256.332002234,
4340.59270293, -6.50388291132e+12, 2.75057330796e+12, -1688.80443508, -3993.27161145,
16.047519273, -53840868561.4, -28740912359.4, 21932.0176527, -41187.5923365,
11050640.1619, -44333610125.0, -33253119258.6, 29376.3046423, -39071.8971156,
86108.7478775, -1.29304627058e+12, 5.19636684621e+12, -4831.60972576, -1202.28134804,
1017436163.92, -3.48923953316e+12, 5.24171465557e+12, -3822.06858179, -2544.22716045,
631.221390849, 2.37396255014e+12, -37508316629.0, 118.126128174, 7476.39536191,
66.48653101, 6.61622286561e+11, 5.14045368971e+12, -5019.47257641, 646.050937096,
195.920562546, -2.90924029838e+12, -72363461026.3, 313.413493748, -6681.60401861,
1043.59901539, 2.11071435114e+12, 2.81615091658e+12, -4914.42618749, 3683.37855066,
34662808.1245, -1.11583311583e+12, 6.2884721935e+12, -4488.90722386, -796.516416093,
33.3923605701, 1.34724132721e+12, 4.17438245652e+12, -5163.71323966, 1529.17949623,
77316154.7871, 73004101080.7, 1.06206615934e+11, -26329.842264, 18201.855731,
14213362.609, -2.00117619278e+11, -7.44624074627e+11, 11245.1780882, -3944.10695165,
3603.78811845, 1.20496326995e+12, -8.71613888803e+11, 5537.29599714, 7655.03897663,
424101.561669, -47994630513.4, -32128339929.8, 26518.1735545, -39907.1143076,
37445834.7139, -2.66453931347e+12, -2.30323671e+11, 685.07220617, -6944.31227019,
35429351.4905, -1.73351935211e+12, -4.76657852103e+12, 4807.79727369, -1748.50987521,
7049.91490506, 1.29835001978e+11, -1.33893852467e+12, 9488.00809267, 1160.20018086,
113540.890015, 68185360912.6, -73340496272.7, 26484.3024008, 24772.213378,
20.953397691, 11989653019.2, -9.30637282602e+11, 11941.7014954, 153.848185609,
0.324326975097, -54411042737.1, -31011092592.8, 22782.0661418, -40052.8390698,
53097771.0603, 1.38191662555e+12, -3.38501266769e+12, 5578.54393835, 2277.41617879,
2026760881.44, -1.84585083774e+11, -8.01175786297e+11, 15996.4895559, -5277.82054609,
3658.48092749, -46500697400.6, -32429938288.4, 27633.8425864, -39565.4095503,
1686344.87799, 1.2313947779e+12, -3.61497234109e+12, 5580.84526532, 1901.04461875,
134553266.438, -6.40108485037e+12, -1.31818234859e+12, 909.028350218, -4414.23571433,
112594.942296, -3.00877740166e+12, 1.06129954544e+11, 277.227990776, -6708.07599281,
17.8071321868, 1.14705228399e+12, 4.43538018856e+12, -5260.29258609, 1232.64220316,
38593.251983, -6.15392631109e+12, 5.27418389481e+11, -395.870892169, -4619.02798177,
1420.28994267, 43652268915.1, 1.2742533557e+11, -29669.3864692, 10051.2337684,
1215.38496353, 82139843495.7, 1.29497398369e+11, -24802.7705691, 15918.630333,
180423169.006, 5.1307356345e+12, 5.13391850228e+12, -3024.93082491, 3023.05546307,
16292.6727514, 2.23452302417e+12, 4.73636930992e+12, -4604.768538, 2222.84130226,
53176979.4572, 2.29038101516e+11, 1.01053053309e+12, -11038.7228533, 2501.94134929,
1.52933135304, 76032943272.2, 1.31259716663e+11, -25544.9267378, 15040.4197059,
8151780.73593, 1.31925265775e+12, 3.51912073782e+12, -5475.51887749, 2058.57464195,
9912967.75752, -48283334929.6, -34598861216.6, 27638.4510969, -38462.962841,
19.1392505269, -3.09819336679e+12, -5.33457601165e+12, 4011.33320353, -2329.68578872,
0.47163232508, 83966960685.5, 1.20722834404e+11, -24579.1112544, 17265.9759675,
342711476.843, -51092526112.2, -35307732629.6, 26325.6790651, -38093.0401681,
686.420001279, -1.06627757283e+12, -6.82497002328e+11, 5520.2900542, -8624.45030563,
227.700360017, -1.14282148879e+12, -4.60349912016e+12, 5134.36896128, -1274.61025345,
4129058.78969, 1.39706709219e+12, -5.1753101778e+12, 4804.31321095, 1296.91702661,
472.241347421, -4.22218437089e+12, -1.89041531848e+12, 2189.01941694, -4889.10742495,
35945.5380555, -1.72413862139e+12, -4.85382576209e+12, 4783.69811131, -1699.22841714,
42705.3560121, 55142905296.3, -85069817228.4, 30385.1742009, 19532.5641493,
18670152.1747, 66184722036.3, 1.34768819523e+11, -26954.196556, 12791.4235453,
52015031.312, 9.72143343174e+11, 77193569574.5, -923.525424631, 11630.49071,
4177.11027803, -2.47702130982e+11, -6.84166325314e+11, 11853.3745615, -5105.95254647,
182.386114283, 77522855922.2, -90846419528.0, 25475.6612962, 21765.5805604,
109.873573316, -1.68795647909e+11, -7.63671991772e+11, 12720.977384, -2811.73807957,
6.34213018728, -2.4742872713e+11, -8.26773412259e+11, 12438.2000083, -4745.07770814,
0.439753993541, 36492126040.0, -5.7092399028e+12, 4821.78719768, 30.8197359283,
2.54001527572, -37941921075.0, -1.43247474532e+12, 9227.45521528, -683.474045743,
78.7449732944, -88216657834.1, -8.88132477678e+11, 12831.104504, -509.309299781,
6850797.55493, -48226670466.2, -27401372064.1, 24104.0874995, -42540.8112999,
0.464080316384, 37245844748.0, 2.22902794909e+11, -23906.2382135, 3934.19127562,
38992.1984235, -42711298810.8, -27338410473.5, 27541.4210566, -43055.4768287,
11836.8497008, -1.67333458122e+12, -2.03925057644e+12, 5483.90696306, -4499.89386667,
0.73702110395, -3.65675357315e+12, 2.99464338503e+12, -3357.74013542, -4100.1303525,
1857809.68441, -2.49038430873e+11, -7.68183306397e+11, 11706.0551675, -5172.04250675,
23.2710928534, -1.18750995631e+11, 3.8693540439e+11, -17312.9935793, -5313.38099733,
19052.7452458, -47990721126.4, -32989626082.4, 27136.7265031, -39578.0503659,
5855815.01803, 1.6404936006e+12, -2.37046036279e+12, 5579.95378303, 3861.64587117,
93441.79945, 35543779028.1, 2.17740994974e+11, -24190.4255623, 3900.45052469,
32443141.1879, 56656419408.3, -83295507719.2, 30017.4017292, 20255.0388865,
73886.2116466, -5.41804952694e+11, -5.64077921194e+11, 9395.63839943, -9024.64575774,
70424799.7871, -4.83704356224e+12, 3.49408153376e+12, -2761.88016516, -3823.41812675,
264833.213142, -43702299893.1, -36684212176.9, 31054.8044108, -36898.068448,
0.525931971857, 1.5369634827e+12, 6.70457017865e+12, -4281.95898061, 981.60126783,
328681685.374, 50220452080.2, 2.44269043903e+11, -22643.4715125, 4648.61387522,
5633.29305986, -3.49893885879e+12, -14162900284.1, 24.931753425, -6159.37972637,
365093673.494, -1.53414889633e+11, -8.0733949453e+11, 13295.3556556, -477.553964579,
73791.9416352, 62859531635.6, 1.49686761518e+11, -26509.5966773, 11026.1153556,
462302.644883, 2.07510042671e+12, -2.1169263173e+12, 4778.81524554, 4684.39618052,
116639.28514, -3.86747617964e+12, -1.06802728596e+12, 1531.13258916, -5544.4452537,
2043283276.09, 84523055077.7, 1.4909666382e+11, -24301.8977527, 13820.3384406,
163703673.875, -86941821153.7, -83241993607.2, 22966.4658521, -23987.248264,
1851819.78719, 1.98355098144e+12, -1.54352248892e+12, 4463.17162963, 5735.53578249,
100.588691038, -92240609775.6, -1.45637298706e+12, 9337.93284486, -1079.13906918,
48.9440879846, 2.10529218284e+12, 4.48695467396e+12, -4724.85408845, 2297.5080524,
1.51996536307, 4.91911542377e+12, -1.27046308084e+12, 1278.23046489, 4949.19001566,
163983.437239, -1.74861521141e+11, -8.3546580404e+11, 13959.8230449, -2290.82412881,
0.151934495277, 50432648506.4, 1.18883088153e+11, -29431.441413, 12418.5201407,
2227.66587058, 1.53600896278e+11, -3.31593226219e+11, 17293.7748895, 8010.83711313,
16.5588265535, -2.59538933229e+12, -1.68084346156e+11, 524.28445991, -7042.4585174,
19292.3753207, -48476044632.2, -32413575976.5, 26445.4037301, -39796.7910923,
362782.609172, -7.94027995553e+11, -1.33663642104e+12, 7944.30424189, -4719.30876185,
38.1616734523, 2.94241450758e+12, 1.92693391851e+12, -3365.71187737, 5139.41830654,
2404327.00542, -1.48753075666e+11, 4.95421217558e+12, -5172.8474976, -155.317727208,
5214994.69408, 33560467357.3, 1.9124692558e+11, -25722.0219818, 4503.7492268,
4888349.52876, 5.04642154884e+12, -4.39562774566e+12, 2925.23508737, 3358.33019411,
15826.5373821, -4.97033176498e+12, -1.59290332748e+11, 165.495988742, -5163.96667412,
25386.0629619, 4.45135240608e+12, -7.45366065121e+11, 895.643332927, 5348.81354488,
39826460.5341, 1.72893257047e+12, 4.1462917356e+12, -4919.06385328, 2240.99714351,
538320.801183, 88593964928.1, 2.15828970957e+11, -22061.0763445, 9090.15724546,
29192.531404, -3.16906553242e+12, 2.53396662167e+11, -617.31926763, -6574.07381585,
5.08091270495, 66779669332.2, 1.37971248535e+11, -26766.0050526, 12749.8838587,
22879603.6074, 83167370596.7, -1.6328701818e+12, 9513.75636603, 618.196970731,
34878487.7718, 61046418388.6, -73753718104.3, 28562.5091974, 23636.5093292,
4720.38271, -2.7964729065e+12, 3.14749342885e+11, -863.925589716, -6717.93511966,
1254436800.38, -1.06326322656e+12, -4.23678112591e+11, 3986.43911072, -10004.373569,
270434777.38, 1.50479172548e+12, 4.11828681043e+12, -4965.95961045, 1826.6197908,
6.89544990345, 63707718799.3, -87839568985.9, 28451.7141109, 20374.117506,
0.709400312814, -8.03660631343e+11, 3.68695531031e+12, -5795.0486403, -1263.17030095,
2155249874.87, -11770073813.6, 1.30253768148e+12, -10094.5915102, -91.2173896257,
274709698.614, 5.37428958379e+12, -4.14215330821e+11, 381.351889196, 4947.89867339,
294338.706523, 72644500997.1, -81546233282.1, 25910.3196886, 23456.1119472,
2534676.83058, 1.778618548e+12, 4.20881517921e+12, -4924.61735926, 2263.56414156,
3299.18815538, 63660468157.8, -96520348358.2, 28423.6476541, 18598.4666645,
92711431.4999, 2.95887654945e+12, -2.6743616923e+11, 601.714191777, 6657.28205968,
22.4449561829, 1.23580620882e+12, 2.70588430889e+11, -2190.99390489, 10006.5027254,
5.25251484082, 49053955404.5, -1.42243543248e+12, 8988.19437218, 368.382689101,
453718631.071, 45667919403.9, 1.40935653883e+11, -28518.265498, 9104.29338101,
52295.7062274, -3.311942663e+12, -3.01184343331e+11, 657.52172293, -6352.90054457,
208273506.927, -1.92705827541e+11, -8.04773875448e+11, 14095.7959693, -5251.67362945,
6736.54490604, 2.34218722583e+11, -3.35479415025e+12, 6267.49148674, 437.571959435,
5752399.49721, -1.43769488791e+12, -4.55233545966e+12, 5028.35751719, -1588.02969621,
431899409.507, 5.00899211331e+12, 2.27379450518e+12, -2030.52559677, 4473.08966439,
880830.201085, -1.41274987829e+12, -1.34195637823e+12, 5684.51472428, -5984.39533144,
223779407.653, 73890434901.2, 1.2791391685e+11, -25807.2774958, 15160.2995992,
3885.9311867, -4.82272389887e+12, -1.60870299621e+12, 1616.90278399, -4847.30600791,
2.26010416145, 4.26467798002e+12, 6.23862562239e+11, -803.29172596, 5491.24237066,
124570334.077, 90991918416.7, -1.54856867591e+12, 9748.88336575, 1135.44970916,
0.106345469405, -51187325403.1, -34780104579.1, 26064.547355, -38373.2353075,
0.394585903499, 1.98355673107e+11, -1.4222076619e+12, 9296.27928583, 1733.03265429,
342.543014356, 2.59185236868e+12, -4.62922223052e+12, 4364.55370681, 2443.66727279,
212.031946518, -3.05148050488e+12, 3.02244258823e+12, -3912.27768186, -3949.86463013,
2.37417099817, 5.30844368854e+12, -3.4886445816e+12, 2510.63064705, 3820.26345788,
15176.0851594, -44007198095.5, -38586492897.3, 31445.7029638, -35777.8567227,
1171.09978969, -9.08183706753e+11, 6.16367444012e+11, -6175.74352779, -9099.6202079,
1369950.94334, -2.97889933953e+12, 4.6979391412e+11, -1163.08207896, -6543.44454919,
49806118.073, -2.0271748715e+12, 1.47925261739e+12, -4287.16478078, -5875.15114821,
25.076385084, 42047722226.8, 1.22129255851e+11, -30265.0595481, 10326.8509707,
6367.97951743, -2.2207522532e+11, 5.57147510083e+11, -13819.664856, -5508.42484477,
27213954.7119, -1.84419471959e+12, 1.59884888509e+12, -4830.8869621, -5572.19403879,
173974157.753, 51922011302.0, 5.25967748712e+12, -5023.41658511, 49.5897121726,
24023.4853235, 42846579604.9, 2.53808388819e+11, -22428.5896811, 3773.02743797,
18578.9640141, 43074662278.9, 2.59759430857e+11, -22184.0834698, 3667.78542543,
447.680453629, 66637271500.5, 1.31291063254e+11, -26437.8413181, 13359.1530676,
6.17277014149, 1.52676462729e+12, 4.23189716802e+12, -4769.43919119, 1606.9051049,
2182258.91866, -2.91680736771e+12, -1.50684624244e+11, 481.946690757, -6689.82727428,
2945356750.71, 7.37360675471e+11, -1.79638871224e+12, 7648.79791371, 3139.58930924,
158.52621695, -2.8685160135e+12, -8.15062487243e+11, 1823.58396621, -6417.88806492,
29272101.9035, -2.62477973401e+11, -7.19616101261e+11, 11640.9323841, -5291.00848697,
324409.390418, 2.54977947746e+11, 9428020089.01, -842.814570109, 22793.6647767,
718440.506888, 3.22770148593e+12, 3.94314144376e+12, -3949.51505706, 3232.9186767,
0.596046364279, 78251421763.6, -94822033056.0, 25461.0603363, 21005.8233092,
16071300.6129, 99925363453.9, -1.78225311853e+12, 8971.01701887, 555.802200847,
1530704.02053, 1.02400318376e+12, -1.25268799701e+11, 1377.40950917, 11259.5612482,
15554275.1409, 3.05668590577e+12, 3.70592500851e+12, -4055.26891461, 3344.82843202,
85769.5591256, 5.84343509838e+12, 1.16379701421e+11, -94.8978164101, 4764.82775261,
3146.83310857, 2.75930755383e+12, -2.23336683796e+11, 558.654745986, 6902.13642642,
10313.1337541, -1.94103055174e+12, 7.96777644106e+11, -3020.48370233, -7358.20236753,
141831.348631, -2.80067241291e+11, -8.99127059431e+11, 12014.1119251, -4181.36440375,
1656705.23259, 5.65617888206e+11, 6.43410720344e+12, -4516.05099455, 397.002901227,
14756945.7741, 2.44445900089e+12, -1.87051341645e+12, 3990.84077148, 5215.3844817,
50794247.9663, 1.8529933413e+12, -6.18417967629e+11, 2609.66147548, 7819.44508448,
5298031.63387, 62846778005.5, 2.22824725939e+11, -23046.9830068, 6555.7913626,
745416582.255, -3.01692081018e+12, 1.14508887058e+11, 190.003827902, -7001.60093698,
101347.048318, -1.6722796943e+12, -4.64472103717e+12, 4878.98081961, -1756.6223005,
50328490.8956, 4.80596148601e+12, 1.16430645827e+12, -1219.91718389, 5035.50844386,
0.360387392548, 1.16580472128e+12, -3.47550027909e+12, 5705.21383072, 1913.72886941,
47.6149588485, -5.65602350577e+12, -3.13190610614e+12, 2195.03473046, -3964.09330634,
1724237238.22, -1.81352904876e+11, 79587672830.5, -10403.9936895, -23707.1195929,
15346.4637492, 62603901005.2, 1.38611512122e+11, -27085.9112618, 11997.8629789,
5982030362.7, -1.58490421641e+12, -75937980035.3, 437.741888409, -9136.12614287,
7053998.35761, -2.59323616913e+12, -4.00064385332e+12, 4427.82499844, -2870.13699733,
13.120269004, 2.20057260703e+12, 5.74985608714e+12, -4336.69763761, 1659.73163183,
49.0856672034, 48635145080.4, 2.23068665702e+11, -23749.1215572, 4961.13485741,
29304.8155085, -48604093381.9, -34283317645.2, 27325.1425345, -38667.63587,
42.7034018912, -49733031307.3, -39177979521.2, 28390.3757556, -35987.5729281,
34185.1411125, -1.8061751654e+12, 4.8170966823e+12, -4756.32084471, -1783.38720498,
916370.174829, -37307046386.1, -1.64225797506e+12, 9406.74782473, -460.114718671,
32094.7146743, 57868881507.2, 1.4058745492e+11, -27429.5193633, 11102.7865905,
10673.1470524, -2.11365570432e+12, 1.24800394645e+12, -3739.00226424, -6332.48275117,
295376.302948, -2.72324928404e+12, 57158933435.7, -112.34303939, -6842.61763666,
2.49421016988, -8.51655497397e+11, -4.11825484256e+12, 5501.91212551, -1137.79595654,
221443.032074, -3.04508117717e+12, 4.94808738142e+12, -4070.83752671, -2505.21661652,
28072488.2941, -47521562911.2, -32416800051.4, 26863.7561052, -39617.7510099,
97475.6299842, 69990379695.4, -88922665947.6, 27146.8172013, 21215.6314013,
3945.56054356, -6.23888544666e+12, 9.6713431488e+11, -702.428552051, -4531.29539846,
1997650601.69, 2.11050849673e+12, 4.31413646817e+12, -4722.53167359, 2310.29854913,
401872144.03, 6.60603279878e+12, -2.89955557074e+12, 1724.02904489, 3927.8407117,
74848.6892731, 61232731389.0, -88742540616.9, 28985.8562974, 19778.3841793,
71381979.2837, 73276144201.8, -89409114027.5, 26383.7646783, 21593.8488018,
288.509489999, 76833740295.0, 1.32625693906e+11, -25449.2890031, 14963.667766,
1.64742023626, 63256311704.7, 1.17630864748e+11, -27616.5782143, 14886.0715588,
797765.492138, -3.14975465308e+12, 3.0874413562e+11, -755.654998876, -6544.00242391,
1820059.91012, -4.64606488498e+12, -2.40897935377e+12, 2318.24986996, -4471.07996113,
1395.30791893, 1.88054661684e+12, -2.55364898947e+12, 5209.56682257, 3836.40559207,
106012.33017, 5.0111686927e+12, -2.57276118716e+12, 2217.165204, 4318.54651426,
306563023.687, 44176666628.3, 2.01955605921e+11, -24711.0264799, 5404.59791728,
282871.074092, -46128080967.1, -28091092028.4, 25723.0701846, -42322.8844903,
1661651.26222, 1.18903906686e+12, 5.4297597361e+12, -4773.78998891, 1045.39115351,
2224066.6431, -82180567814.8, -1.38816557954e+12, 9432.51819563, -915.780481683,
54354.8237635, -3.01585472701e+12, -3.88717637952e+12, 4104.01489123, -3184.08826896,
30764681.9317, -48622974252.7, -31523024601.4, 25942.7797486, -40228.032245,
434433982.811, -5.05380113179e+12, -4.02170041572e+12, 2822.93694839, -3547.39549694,
17141.2196248, 51789245523.6, 2.17823120774e+11, -23612.3159488, 5675.94891471,
920575.554716, -5.15746211066e+11, -2.07052526294e+12, 7653.54872201, -1906.41902576,
434.489554968, -3.0763368225e+12, -1.72023295595e+11, 499.988846178, -6585.00380729,
3043449.62493, 2.01608765449e+11, -17274428938.8, 2186.59077433, 25519.5623612,
13330521.442, 1.60599457582e+12, 3.92708937547e+12, -5037.91061101, 2140.61137326,
2468361.062, 18735081700.3, -1.51170552723e+12, 9532.45072417, -1081.61760127,
54264.3101167, -5.48524904976e+12, 2.92617884025e+12, -2174.92953825, -4076.99967577,
112855.009795, 69152722639.9, 1.16408886815e+11, -26766.3977969, 16002.2438953,
11503.2457389, -3.20028800706e+12, 2.19174729732e+11, -509.419050332, -6566.42279981,
556.79685732, 1.67093031084e+12, 3.95331785439e+12, -4989.36195244, 2217.13864716,
382518.6771, -1.18640337752e+11, -7.61494554595e+11, 12325.1374095, -848.766052281,
444254.956681, 66182785137.3, 1.06562576619e+11, -27512.6127937, 17154.6612263,
79896017.2098, -2.32568623358e+11, -6.82013981767e+11, 11929.4323296, -4798.07292703,
4.00633031993, 78144494285.7, -92067128672.0, 25390.5089266, 21568.3558137,
2289.95676916, -1.24670241978e+12, -2.86577182118e+12, 5976.32274138, -2599.89157825,
455427.864883, -19148542548.9, -1.84046525068e+12, 8492.02815266, -88.3526392838,
7927567.74761, 1.52327898817e+12, 2.94711746576e+12, -5619.39230095, 2904.49984358,
4496390.15925, -1.81986277167e+11, -7.96036515255e+11, 15975.9966524, -12476.287135,
94298.9395934, 3.07131602433e+12, -6.34232105846e+12, 3906.30973553, 1891.65946916,
351548.565536, 58236238129.8, -81443291759.4, 29592.7743232, 21009.9074889,
58216997.237, -64255748072.0, -1.64400148096e+12, 9340.10884847, -642.663675425,
26438619.0722, -6.46403335588e+12, -3.31411463292e+12, 1950.31923402, -3804.01101945,
67639.4120649, -5.15852883081e+12, 5.20468237536e+11, -507.945292341, -5034.40987565,
3495423.69479, -65127432231.6, 3.0897279959e+11, -20062.7522904, -4228.96624526,
15.2992994247, -43914495124.7, -27569921862.7, 26855.6113046, -42818.7679358,
48717.196075, -2.38535574353e+12, 2.58757184106e+12, -4515.63743565, -4162.74498042,
4382830.14227, 4.59599116142e+11, -6.29773772551e+12, 4572.86172356, 333.720344986,
2788.97579166, -5.12614769905e+11, -1.93369481685e+12, 7873.98746347, -2087.3626162,
9084985.99287, -2.10197001992e+12, 1.22160474507e+12, -3712.93836992, -6388.71547521,
98698.8390301, 63287724199.9, 1.58776397651e+11, -26009.3250979, 10296.2037433,
9825.34610699, -2.14351100512e+12, -7.80942502797e+11, 2611.22700345, -7167.22908373,
8215.61743308, -3.11052525207e+12, 2.28989724279e+11, -617.579155733, -6649.5871875,
306.330372121, 4.86600180959e+12, -6.10879975003e+11, 648.058966989, 5162.15334456,
1059673.90761, 4.02741900458e+12, 4.0399599404e+12, -3416.33598191, 3405.73091381,
222.670956667, -97821604469.3, -6.03747060476e+11, 14542.6154812, -2356.25491648,
70.5701767005, -2.86379319591e+12, 6.04135685487e+11, -1493.56954904, -6558.75546063,
57301106.2606, -3.07445848653e+12, 3.86092226956e+11, -957.801123063, -6532.07639821,
743.229813457, 63706204058.2, 2.29612104464e+11, -22765.7167015, 6356.54503679,
18561660.3829, -4.44655616025e+12, 2.46163495205e+12, -2475.26566759, -4471.17790284,
49321094.693, -2.51226682114e+11, -1.084923905e+12, 10636.4723141, -2462.99822186,
4728809524.0, 1.48928564945e+11, -1.47198602124e+12, 9232.24307678, 1506.87932309,
0.750547880497, -45920981544.5, -26292480818.3, 24831.8233248, -43451.3834409,
1980.06092768, 25904602799.8, 1.86821458994e+11, -26251.4992895, 3626.48454504,
4785411445.26, 77872995597.8, 1.20712746618e+11, -25420.4877369, 16576.8064615,
3957240.20367, 76363080813.4, -86998984711.4, 25544.8875844, 22514.7307825,
122.716706667, -47715066791.0, -32321444740.8, 26715.5579097, -39753.9253107,
12.0304678763, 5.48187898095e+12, 1.30405763621e+12, -1123.26814513, 4721.89254814,
138478.682588, 2.45227552997e+12, 4.32701356137e+12, -4494.61405938, 2547.26081122,
4.37378569744, -1.70241065573e+12, 2.97661108819e+11, -1509.48056417, -8633.15939142,
48.432309725, 1.20388324679e+12, 3.05428992112e+12, -5915.84053305, 2331.79609414,
421210521.466, 1.49229311504e+12, 2.66180391465e+12, -5753.067518, 3225.35518121,
162581227.409, 24431192577.8, -1.7298255457e+12, 9169.99724912, 86.5400771211,
114964708.094, -1.67966779149e+12, -2.08918573796e+12, 5484.32268219, -4409.2968854,
0.194113482659, 32940514810.7, 2.34220857837e+11, -23486.5974788, 3261.65304897,
1377761.05699, -4.90120914415e+11, -2.2143219271e+12, 7469.83464174, -1653.38297938,
4.0579380986, -2.02605313198e+11, -8.1555781515e+11, 13598.1299762, -4557.85325077,
150.110122444, -92425635527.4, -1.76280676206e+12, 8978.97908241, -625.592770991,
0.735830820085, 3.56661536814e+11, -1.35643089692e+12, 9408.84496503, 2473.9727711,
1.33729947518, 2.3755428296e+12, 3.4577298415e+12, -4636.43011237, 3185.3380146,
103250653.968, -2.57619949634e+11, -9.15943514575e+11, 12164.7997389, -3704.84597165,
1.45663320949, -1.61158675191e+11, -7.72902537414e+11, 11142.7064934, -1301.9465155,
2.23439878861, 66317714545.4, -85686797539.5, 27873.2066329, 21205.5566278,
4714.68654001, -2.98467066727e+12, -2.88012116114e+12, 3928.36064385, -4070.96164646,
7351300057.73, -1.7516843506e+12, 5.76457721276e+11, -2652.17124487, -8059.16321924,
46181852.6586, 7.40299217512e+11, -3.86154567483e+11, 5831.40393844, 11179.4191656,
50784.2160901, 2.59465419203e+12, 1.76660706553e+12, -3659.90461098, 5375.38144538,
7580.95530233, 18624648411.9, 1.93364157243e+11, -25998.3763403, 2483.28655249,
1.60446641778, 63832233288.3, -1.50563661823e+12, 9193.53242083, 1778.6461397,
26.0013918064, 1.7091706606e+12, 4.11944581111e+12, -4919.40070801, 2222.45417274,
572879.400675, -2.39823304311e+11, -8.32656117959e+11, 12611.2565879, -4568.02271156,
12644.9982286, -2.11126436053e+12, 9.63991962974e+11, -3141.16495401, -6879.54866085,
45956181.3241, -46844612682.6, -26575881388.0, 24439.0367213, -43173.4656348,
5.90108737349, -3.04236244501e+12, 38514109226.4, 143.200767314, -6697.8688207,
1538733841.89, -2.48630634502e+12, 2.16059694779e+12, -4164.04100031, -4791.7690389,
8003.50298767, -41919735290.2, -36533576119.4, 32132.204565, -36786.4412863,
9552049.8642, 71550608925.9, 1.43049923597e+11, -25949.2032998, 12954.289506,
13315.7367659, 63966053410.4, -84117391836.8, 28257.5089626, 21210.3530813,
92217.3872097, 1.36710450939e+12, 3.74040422951e+12, -5317.81062229, 1945.47978192,
4644.02879911, 1.66977082317e+12, 1.37041804903e+12, -4973.27449708, 6059.63169902,
10134642.7245, -46601894444.6, -28893567422.6, 25856.5870774, -41798.7582166,
4163373814.71, -49054495790.7, -31060385286.9, 25501.4450556, -40458.2304407,
127375449.852, 5.38737992565e+12, 2.97836700118e+12, -2246.75796177, 4064.01854984,
10496.5944256, 51785457297.0, 2.3363697834e+11, -23053.7987735, 5111.30393038,
1145.39415613, -45507719778.6, -34285124443.7, 29095.2460426, -38474.4547555,
12420.6450694, 66499392918.1, -84405942373.1, 27749.7055476, 21452.5000493,
9849059.60779, -43964289816.9, -30477223481.6, 28341.8724973, -40879.8255253,
2264.91871484, -1.85656617519e+12, 2.97728148349e+11, -1330.43634151, -8296.30360311,
48832454.3694, 51215723712.8, -2.84230200309e+11, 21099.2822048, 3801.90073666,
81759.8974224, 2.98038178897e+12, 1.36117713291e+12, -2644.28994412, 5789.83690197,
10350.1222938, 26412280364.0, -83465963823.1, 37125.3722957, 11748.0910395,
996388.531386, -1.87891826945e+12, -46997358786.9, 210.144673785, -8401.42248404,
41048.0803941, -1.43482492929e+11, -8.63190321625e+11, 13271.0396088, -1399.5810361,
2041675.14728, -3.25240483662e+12, 3.27097733447e+11, -722.656681756, -6445.68746387,
106157424.64, 5.69894713627e+12, -1.27968366728e+12, 1044.47600402, 4651.47261329,
3.85165124349, 1.46519185345e+12, 4.48677179432e+12, -5199.83227045, 1586.08990802,
4635776.27348, 1.42258917808e+12, 3.95924328332e+12, -5153.55927988, 1844.24065055,
26154.4116142, -5.87723682345e+12, 2.97463820118e+12, -2027.21361904, -4005.33232113,
855.722064644, -3.4697073563e+12, -1.38971408667e+12, 2215.8205309, -5532.25218772,
25608652.7777, 76308810032.9, 1.60887100134e+11, -24781.9124702, 11734.6056169,
3790807.74323, -2.12392626944e+12, -1.34332482067e+12, 3884.91370192, -6142.42373776,
2.28983123656, -3.0820924222e+12, -7597783629.3, 184.374853497, -6657.69379583,
14.7500586745, -5.02624824444e+12, -3.79462938199e+12, 2766.27753777, -3664.12532509,
515.634226263, -6.95654194159e+11, 1.30353809844e+12, -8362.22957825, -4462.63909401,
34.0796052123, 5.07933061138e+11, -1.43392655857e+12, 8805.31681798, 3119.06596536,
1908.83179234, -44187821608.7, -37609343300.6, 31050.0580033, -36387.0502443,
39762784.7293, 1.42874915122e+11, 2.48544012911e+11, -18655.6332483, 10724.1449339,
1.9221099792, 4.81608489793e+12, 4.2021084544e+12, -2996.15760285, 3433.93073727,
