# mass, x, y, vx, vy,
1.989e+30, 0.0, -0.0, 0, 0,
3.3011e+23, -56774576581.1, -11335856256.8, 9375.64211485, -46957.0272581,
4.8675e+24, -1.05601054978e+11, 23391790100.5, -7576.51777006, -34203.8068119,
5.972e+24, 1.19598870078e+11, -89868071504.7, 17894.4838715, 23814.4650913,
6.4171e+23, -1.87104310116e+11, 1.30191032743e+11, -13783.3257941, -19808.7349756,
1.8986e+27, -71222561873.0, -8.12803901405e+11, 12712.5700957, -1113.94865187,
5.6836e+26, 1.28809978133e+12, -7.85795362803e+11, 4885.46784944, 8008.40825288,
8.681e+25, -18045252591.9, 3.0084018802e+12, -6642.63401666, -39.8444135723,
1.0243e+26, 4.32487437553e+12, -1.37228641446e+12, 1635.91386506, 5155.71813657,
30220.6349949, -1.97562971941e+12, -4.17322329202e+12, 4846.27928097, -2294.25858768,
678578.341927, 1.10516450029e+12, -4.39284049598e+12, 5249.8601376, 1320.77617225,
16506.7503326, 1.07638783435e+12, 4.31865517867e+12, -5299.14301708, 1320.76603482,
41511.4644082, 16204312071.3, -8.79352976102e+11, 13363.015769, -259.444931889,
127.293358881, 3.43153666375e+12, -2.32431307466e+12, 3173.78889768, 4685.67383805,
3871324982.39, -50794790928.9, -13890341847.8, 9398.50861815, -46903.4991471,
154.84932178, 3.8001741406e+11, 5.36331893355e+12, -4956.35628431, 351.182117205,
30596.6058833, 1489912052.28, 44053350673.9, -54846.4675558, 1854.94205971,
1219314664.92, -1.9276237049e+11, 1.29797793405e+11, -13777.3009122, -19895.4230103,
2967078.39009, -3.12397115584e+11, -3.6499874244e+11, 12628.517541, -10808.5645105,
1323.89213244, 1.08675056566e+11, -74377836125.8, 17775.9782722, 23730.8941812,
3.39589698858, 4.11010999335e+12, -6.98262693251e+11, 1542.24974692, 5125.87391027,
81.4280483005, -576237700.799, 3.10716844078e+12, -6879.30195359, 2.01545974955,
13577.5277788, 1.210076995e+12, -7.3517721704e+11, 4537.884992, 7472.64419815,
282.626990492, -56027061797.0, -10534067287.4, 9271.94881915, -46860.3531026,
277733627.874, -7.11165261515e+12, 8.69218134629e+11, -522.220083076, -4272.63039223,
0.555282650268, -2.92586941276e+12, -9.08927776362e+11, 1952.76309954, -6286.01080515,
1263184440.0, 4.10558013389e+12, 5.77947069305e+12, -3527.72079496, 2505.9977259,
83.5996799565, 22072894854.6, -8.4413424096e+11, 13073.7960556, -38.2903160194,
159798.171301, -1.67767480295e+11, 1.27725821505e+11, -13777.3980793, -19762.2386711,
18678.1918912, 4.30734859806e+12, -1.76583648195e+12, 1767.51552877, 5149.85758244,
4085.63651191, -1.87389530303e+12, 2.03473046113e+12, -5095.68636193, -4692.89811192,
871.124853612, -1.8886239434e+11, 1.1049138208e+11, -13736.9758417, -19812.871451,
102.302509673, -2.92245814795e+12, 4.21407326199e+12, -4180.76714584, -2899.36036952,
816390.810104, 4.40533829532e+12, -1.34241215673e+12, 1537.68488699, 5420.29001926,
2136668.02787, -5.37619623656e+11, 2.97047066011e+12, -6634.95559701, -145.021891487,
0.712902595599, 1.65812850338e+12, -1.61917985249e+12, 5287.56990475, 5414.76004608,
1620.41758382, -61323028378.8, -11024761234.5, 9370.8986035, -47026.3810927,
21.2329671731, 2.35156016929e+12, -4.71691023827e+12, 4491.37938038, 2239.12441038,
9.50394199709, 2.92864265702e+12, -1.01979420443e+12, 2151.52183389, 6178.73546731,
1569649.23291, 1.32175521601e+12, -6.5341821579e+11, 4374.73118718, 8138.2574358,
430.189905765, -59872006952.3, -13437935408.0, 9418.72229815, -47020.5062514,
5.69044582383, 1.93255204338e+12, 4.22556284764e+12, -4860.75221438, 2223.05452859,
4699006080.55, -9.95978833243e+11, 1.34052207438e+12, -7156.5086228, -5317.13072427,
679.117663648, -9.153573631e+11, -2.87686200729e+12, 6318.87993562, -2010.53552828,
527018604.562, -1.56249724421e+11, 1.18069655292e+12, -10466.1354819, -1385.05594919,
2741710616.8, 6.53106620005e+12, 2.92173283091e+12, -1758.950291, 3931.85190363,
9387301.14638, 4.41249254738e+12, -1.28977463926e+12, 1472.52191309, 5329.2219073,
2443.41129135, -8.01557040222e+11, 5.48978993094e+12, -4840.18229238, -706.708679425,
1604912.50684, -4.50162029465e+12, -4.40199343767e+12, 3210.27424893, -3282.92986235,
0.499363955525, -1.06779814979e+11, 22958548191.7, -7401.06230544, -34681.1841832,
4636.41504527, 5.04722384194e+12, -1.52961861024e+12, 1656.37861927, 5249.67668211,
2096712507.38, 4.92882638354e+12, -1.30965847132e+12, 1624.96957995, 5261.25925185,
2966699.74984, -5.69064601703e+11, -4.76114696092e+12, 5224.37675858, -624.43102548,
38.9120962823, -55531737132.7, -15119682665.7, 9446.30402069, -46933.8175771,
5745656815.36, 1.06438854591e+11, -84564004580.0, 17831.8299575, 23659.0133427,
857.691177767, 1.6487652913e+12, -1.14624969168e+12, 4641.13133703, 6675.80224136,
1718714411.26, 4.24121940014e+12, -1.33024618869e+12, 1514.57836403, 4914.27513364,
7622.43444968, -5.39497539686e+12, 1.97242746457e+12, -1650.681545, -4514.93729594,
62610925.078, -1.7199863549e+11, -3.08311628489e+11, 16933.9544337, -9446.99059949,
214.077600639, -56847349329.6, -9190626328.15, 9274.38841479, -46960.4620928,
408.870573299, -99932583299.3, -1.90583096601e+12, 8328.6378746, -436.713597909,
0.20752881329, -2.26583932924e+12, -4.78893240675e+11, 1565.56494196, -7407.32655357,
1381288349.64, -3.59653836426e+12, -1.45571910856e+12, 2194.54594422, -5421.90360358,
877435411.699, -1.70519996584e+11, 1.3288506673e+11, -13791.4211428, -19758.9004887,
501217.587764, 4.34533320546e+12, 1.91314838691e+12, -2130.65917677, 4839.36537995,
43.9605873588, -1.52650595563e+12, -4.43654890565e+11, 2550.32411593, -8775.02994905,
3.18456794303, 1.0799685314e+12, 3.33295701077e+11, -3195.87965942, 10355.5174914,
545.173810847, 1.16299370501e+11, -87745070764.6, 17722.0219819, 23546.4303606,
580900066.299, -2.01465678657e+12, -5.08623967816e+12, 4579.74909343, -1814.0361398,
0.328776996732, 6.31041820007e+12, -1.79861347648e+12, 1232.87809977, 4325.54103535,
1174842.90334, 6.62286587523e+12, 1.38047072547e+12, -903.89060872, 4336.45289029,
1796.47757314, 2.71119725508e+12, -1.86603863152e+12, 3600.63306136, 5231.41713555,
121497427.779, 2.1641982423e+12, 1.12044487206e+12, -3393.1864554, 6554.11823078,
26420.6238187, 1.33607156895e+12, -8.7314526608e+11, 5426.23807527, 8305.39443664,
5132481.78765, -3.73892050263e+11, 7.86914266887e+11, -11149.2073905, -5297.40047355,
545.42460166, -1.18925969761e+11, 26939724387.4, -7616.01025763, -34352.1280571,
64.9765477511, 1.51245881208e+11, 3.10889290359e+12, -6730.19987038, 107.672470611,
2729462.36332, -37158326079.7, -8.50235916357e+11, 13882.820303, -48.9865051767,
7636.71419363, 2.46464412532e+12, -3.84090636996e+11, 1123.30295861, 7208.04354813,
25.5482074714, -2.2736538473e+12, 2.99921312414e+11, -994.975270879, -7542.74290943,
455615.436619, -13282374920.1, 2.90597199432e+12, -6405.19005031, -28.8035288156,
21.0550668108, -68335054998.5, -8.2092882336e+11, 16324.6663526, 169.75017379,
5337.95951951, 48064872211.8, 2.68522000902e+12, -6512.79590277, -13.2847124275,
21.4884570913, 9.53049524794e+11, -3.16820355525e+11, 3626.67789847, 10909.664065,
1136.27254887, 1.24521305145e+12, -7.62586512785e+11, 4465.69897902, 7232.73370885,
23531.9530682, -6.26984194432e+12, -3.15864887383e+12, 1956.39288298, -3883.39275659,
89753.5542549, 1.2437497304e+11, -89945577889.2, 17899.1708633, 24103.2871732,
270.274207823, -13549804723.3, -1.40832177461e+12, 9707.99168371, -93.4029381216,
17898.1544967, 5.7913387081e+12, -4.19773254868e+12, 2528.2718772, 3488.0923492,
3518791.63891, 5.60000988753e+12, -1.82015736961e+12, 1467.65872657, 4515.4905381,
5.4319478319, 1.79686685164e+12, -6.45594797387e+12, 4287.7333327, 1193.39342965,
23626.5885446, 48141479765.3, -1.05295444622e+11, 30794.7339259, 14079.4700615,
1503.27794534, -1.42706972181e+11, 2.94532336885e+12, -6550.69309554, -221.546756941,
5.38969830796, -1.03792778824e+11, 36828111603.4, -7729.92971979, -34183.160449,
156318.102537, -4.54723676289e+11, 3.26263004479e+12, -6696.50910653, -132.383685764,
607784614.186, 4.3951164373e+12, 9.62605532148e+11, -1162.09626064, 5305.96200239,
74107506.7827, 2.50808202818e+12, -3.8775730617e+12, 4501.81548634, 2911.85293889,
1355959290.49, -56751305821.3, -11287079424.7, 8799.38013052, -46682.1005431,
1.37185849621, 8.41855246553e+11, -5.02953811616e+11, 5967.11918665, 9987.89645901,
88112.6749692, -7.14405472946e+12, -2.13273360767e+12, 1207.04267325, -4043.25176266,
700159365.879, -54541669567.2, -15368482503.9, 9436.12363037, -46923.5380152,
1141.59283036, 1.19915984324e+11, -1.16728149235e+11, 18016.2857456, 23815.9031031,
25169.357681, -6.53641198727e+12, 1.83731872501e+12, -1196.50996481, -4256.68228947,
168.487850626, -2.14234884283e+12, 3.48011069275e+12, -4853.44406311, -2987.76998501,
1.55970709941, -1.11151723992e+11, 23694949098.4, -7589.70119877, -34445.1879015,
41497.202632, 3.31351559673e+11, 3.00711810114e+12, -6642.16088124, 88.9254135962,
17290.0472269, 8.16140565753e+11, -9.22754406968e+11, 7775.65490099, 6877.2658706,
5547.58320702, 3.1683880534e+12, -1.79118826029e+12, 2972.09463916, 5257.26377123,
37.1103001059, 2.94969728414e+12, -3.39319635586e+11, 764.137073817, 6642.62487332,
31.4722376498, 2.45098903172e+12, 1.43008395117e+12, -3446.86669365, 5907.50805435,
321.658455705, -1.62862420851e+11, 1.5335266449e+11, -13808.0156834, -19782.8935509,
2755256351.59, -2.85676290147e+12, 1.68153788205e+12, -3210.02548216, -5453.50884337,
10559373.4335, 1.32732924216e+12, 1.49994217708e+12, -6096.69405442, 5395.08817246,
35829829.4795, 4.37623704748e+12, -1.22644796979e+12, 1437.58531941, 5225.56723604,
62.6600794846, 6.66532645437e+12, 2.88749032291e+12, -1699.32580757, 3922.63176432,
4890844.05297, 4.96558343296e+12, -8.10245884482e+11, 1576.85385758, 5223.04474329,
1386353.22426, -2.81547214909e+12, 1.06919915184e+12, -2357.00829127, -6206.59976005,
56.4248630875, -49880514242.1, -8585008653.33, 9355.4513251, -46906.4259224,
1.24628840466, 2.92118575971e+11, 2.92950126557e+12, -6609.46383729, 90.549879008,
13.8890719763, 2.08212207914e+12, -4.5007129841e+12, 4695.7077864, 2172.33067157,
0.98242108953, -92240558315.8, -8.04159851852e+11, 11814.439223, -3297.75282506,
167389.521342, 4.83962578338e+12, -1.0311075648e+12, 1577.78696421, 5243.41672655,
154027.208509, -3.39676299356e+12, 3.80769066251e+12, -3806.14309266, -3395.38243815,
798576.799135, 3.18311122324e+12, 1.80847399618e+12, -2974.5872346, 5235.597543,
26023668.2303, -9167151409.92, -8.11010960226e+11, 12671.3095839, 314.117155529,
6.68746603948, -1.86946824966e+11, 2.77787016438e+12, -6527.77864182, -123.994454869,
58.4239369958, 3.6348400468e+12, 1.72272808694e+12, -2460.34649424, 5191.16512585,
304235903.574, -6.54974674166e+12, 3.49718297355e+12, -1991.54891804, -3729.89950352,
523799.51581, 4.62285281803e+12, -1.68089302403e+12, 1726.72662441, 5243.40337645,
5936198.68029, -5.9820569248e+12, -3.90188371801e+12, 2355.29455522, -3610.9497674,
335700.534092, -1.80616011471e+11, 1.2939093868e+11, -13773.4199472, -19728.4043043,
21729094.7115, 1.15249187048e+12, -6.17912457775e+11, 4559.32906399, 7744.96868866,
2.72482808424, 4.33442196028e+12, -1.60526599799e+12, 1806.99463732, 5162.7290864,
34933.5587985, -1.62287349641e+12, 8.68800728584e+11, -4007.94608527, -7486.62985978,
2.87275157662, -1.60860618777e+11, 3.16924933216e+12, -6765.35835322, -148.810523082,
93439.1150446, 1.17552442439e+11, -1.18508088351e+11, 18012.0027393, 23806.0679642,
1739988.59128, -2.58312462534e+11, -7.01918496909e+12, 4344.36515187, -159.87663318,
289140.473158, 3.54097985203e+12, -1.04109739153e+12, 1601.03204246, 5073.15601098,
114312235.521, -4.57107180383e+12, 5.56811643371e+12, -3317.81339034, -2723.7151772,
18307.2232111, 1.44463042216e+12, -6.71030099167e+11, 4624.07514609, 8364.92699442,
284.02005879, -2.168647251e+12, 1.31545261646e+12, -3751.91449389, -6185.38360969,
2.35122056748, -28265662567.4, -7.35245180891e+11, 11666.7749606, -534.721506092,
21.321038003, -56681461753.9, -9954864486.52, 9249.76423016, -46948.539809,
2.81215159864, 1.12297196655e+11, -82014999223.3, 17753.2915119, 23683.1864703,
1714811713.19, 1.21499601462e+12, -7.4734379216e+11, 4570.00189535, 7408.64732957,
2131.64624498, 1.10952807519e+12, -6.7861403397e+11, 4665.83910308, 7642.49116283,
705.738413601, -1.05990694171e+11, 20804285631.8, -7228.09860525, -34256.2734893,
2000956.13306, 4.32943076483e+12, -1.38817521812e+12, 2254.10071335, 5332.99390898,
66483670.9741, -51531509282.7, -9854252372.33, 9358.34981313, -46895.8336405,
428.985283111, 14337444905.5, -7.90848232146e+11, 12414.8703772, 46.170387554,
1978784.00538, -60953229312.7, -8.98642474433e+11, 13914.6676669, -970.135220533,
878740.14859, -5.30933229809e+11, 2.91031262325e+12, -6622.8477098, -143.302827085,
29978149.1774, 1.280194754e+12, -7.74448130641e+11, 3526.54379833, 7061.71644222,
0.752198657036, -1.8679298174e+11, 1.51865845203e+11, -13827.7702544, -19808.096593,
5127.04100337, 4.6281726464e+12, 4.12146660552e+12, -3077.93179599, 3456.34239196,
1195026.45694, -1.75012962301e+11, -8.18099501542e+11, 12768.8356254, -2216.71730978,
52920695.9627, -1.66754003755e+12, -9.18974964643e+11, 4030.09020049, -7312.86163693,
6430331.39187, -57076363831.7, -10641868576.8, 9219.17179351, -47025.0698898,
96.824555285, -55401757530.8, -6721266066.28, 9310.80353296, -46937.7380826,
2.76270759458, 4.30931694732e+12, -1.0411494843e+12, 1492.4690983, 5148.97883491,
3133.07194317, 19582655594.2, -12065092977.8, 39849.2869452, 64678.7275789,
1.75491028865, 1.95310480306e+12, -47832924144.7, 201.815163782, 8240.47813847,
3542.10567343, 5.978741683e+12, -3.25591003967e+12, 2111.89135339, 3878.01035983,
25997958.4493, -56267967853.4, -16054690819.2, 9443.38634343, -46949.7543146,
1265605051.68, -2.47617751559e+12, 9.20492432731e+11, -2469.99999411, -6644.44185681,
30.5025176508, -58582266574.5, -13395108920.0, 9443.02931291, -47016.1822933,
216.118802839, -7.41564835103e+12, 9.30589141809e+11, -524.753555699, -4181.63899103,
50257783.5721, 2.39046409685e+11, -1.34750010112e+12, 9697.3575256, 1720.31044598,
20406709.1861, -3.4588277822e+12, 1.32007938527e+12, -2135.13401039, -5594.40660636,
0.0233518576246, -75614629810.6, -7.92916194788e+11, 10276.9657545, -1651.83569644,
113.437237432, 1.11806221693e+12, -6.01732174645e+11, 4599.68023805, 7744.39767117,
426749.381289, -1.7471627004e+11, -5.5055129755e+11, 14449.6395893, -4585.56204244,
2191984182.87, -56446544566.8, -11446599744.2, 9456.33033631, -46718.0216025,
66.5163036936, -1.86815702566e+11, 1.1291181494e+11, -13733.5509842, -19807.9036077,
259596463.255, -2.65565459424e+12, 6.93530294615e+11, -1757.23141068, -6728.76110121,
2.15638641527, -1.91034806597e+12, 1.3260150891e+12, -4308.20896675, -6206.70061378,
37806543.9368, -2.35044633321e+11, 3.41952515822e+12, -6208.58026422, -426.7532491,
1702726.41843, 1.44349646667e+12, -7.07627051238e+11, 4675.62172312, 8425.57720292,
84.7759920056, -59925240716.2, -13836960422.9, 9421.65462392, -47014.9896429,
7968.42647104, 18251282121.9, 3.03278365139e+12, -6845.60912579, 262.319569409,
297.545208366, 1.45543194927e+12, -8.02449397323e+11, 4932.50538698, 8481.02004687,
4.88093407492, -2.28350652976e+12, 8.74307345717e+11, -2634.59134793, -6880.99736976,
1.03257093566, -6.41816039352e+12, 5.8288836905e+11, -410.491813153, -4519.90884864,
8.32358928714, 2.73896565827e+12, -2.11882099857e+12, 3788.3849351, 4897.1839738,
193.954006584, -56280357343.7, -5960816997.25, 9312.02273009, -46951.1776406,
516124302.422, -3.92230426436e+12, 5.65628013796e+12, -3608.76853415, -2502.47297965,
20220.4627422, 5.14306965984e+12, -5.27368031304e+12, 3039.11563482, 2963.8473488,
89685.4345855, 1.09095328678e+12, -8.64575168163e+11, 5042.31709089, 7615.89296317,
6217206343.48, -85925657308.7, -7.80455501781e+11, 10993.4219342, -1895.34123326,
77689658.7402, 1.50169959214e+12, -1.26353501336e+12, 5294.98819631, 6293.04414259,
310.957778419, 1.23419261739e+12, -2.34050212531e+11, 1915.30097439, 10099.757215,
175.888161663, -56006914268.5, -17513216858.0, 9434.67979302, -46949.6906295,
20836216.7665, -3.00753460428e+12, 3.72362702889e+12, -4096.83458337, -3308.9704425,
1.36127324015, -1.0007114362e+11, 15801065477.6, -7426.1926712, -34094.2936214,
191081319.54, -1.41775268029e+12, -3.43424588296e+12, 5525.05460462, -2280.89695421,
3582364.50532, -4.34170476947e+12, -8.66381847532e+11, 1071.54612375, -5369.84578963,
526367.195526, -2.0716534153e+12, -6.24650156757e+12, 4262.87133331, -1413.78207643,
867331.977512, 5.94844536611e+11, -2.41230263863e+12, 7096.88475618, 1750.00559904,
14.5089149701, 69354264796.6, 3.09072671286e+12, -6793.25103366, 120.056969408,
268574.487333, 2.5091581955e+11, 2.79307356815e+12, -6561.58949221, 61.3862234105,
16250131.6648, -1.67396856298e+12, -7.21588287133e+11, 3378.04861317, -7836.52850731,
1070.62373432, -1.73605828194e+11, 1.39487666458e+11, -13812.3202234, -19766.6357822,
1.40305312142, 99632607431.0, -83681166646.3, 17853.6126177, 23682.5661521,
78261.3777177, -5.2430815562e+11, 2.8499908858e+12, -6611.42538965, -139.583514187,
142776.510743, -4.98813702822e+11, 3.34890162737e+12, -6699.9497827, -120.77138119,
163014.012357, -2.74456706571e+12, -3.29844295598e+12, 4275.50209899, -3557.55803781,
5630867.55069, -1.72461651465e+11, 1.05731113542e+11, -13750.0696577, -19788.8265593,
27815.6236194, -5.70559779352e+12, -3.25377586139e+12, 2227.05631042, -3905.21293171,
363.079518508, 3.78332716802e+11, 5.35716478981e+12, -4959.32436028, 350.236502393,
2184.34618723, -7.96569701135e+11, -5.57819168622e+12, 4804.94564086, -686.149621313,
1936.83890877, -9.18457558068e+11, -1.92229014529e+12, 7122.39824641, -3403.0349253,
82525.2904186, -1.19822585282e+11, 3.03111524081e+12, -6693.97352878, -269.893973128,
3268362.98167, 2.40676591936e+12, 4.38998088746e+11, -1321.78817602, 7246.57991964,
0.1624119013, -1.25003584189e+12, 6.38291511522e+12, -4433.45173961, -868.251179558,
13602587.7312, 7.26447937529e+12, 4.53174972172e+11, -265.891569244, 4262.29147559,
414262.667415, 4.35431614006e+12, -1.30487305464e+12, 1356.5490411, 5277.72649496,
139267136.197, -1.09213993317e+11, 18527965627.9, -7390.63690144, -34341.8825423,
2302.72614964, 3.04797017763e+12, -5.49409244109e+12, 4019.42024602, 2229.86292506,
42.9430662548, -4.36766569339e+12, -5.89279065342e+12, 3417.71469998, -2533.16910829,
4.1571729076, 1.98169120078e+11, -1.35473223543e+11, 13271.2379978, 19413.0580758,
115179672.174, 6.13652556449e+12, 3.85465721004e+12, -2276.57358523, 3624.25275296,
296086245.364, 2.58764327778e+11, -1.85581184208e+12, 8336.26727575, 1162.36385008,
6829805.72553, 4.84502932014e+11, -1.51951947807e+12, 8691.99730664, 2771.46705976,
100630.192051, -4.08011534735e+12, 27727937612.5, -38.7618375127, -5703.73355342,
5122.85121459, -3.26900229644e+11, 4.23876045283e+11, -12470.0011101, -9617.07148092,
2924.33748889, 97587359385.5, -90702579862.4, 17899.5800083, 23680.046222,
2010890.49076, -1.0441718521e+11, 21696093399.6, -7251.54664466, -33976.9245572,
81107676.282, -2.04178331564e+12, 1.93280867188e+12, -4723.76475562, -4990.09767773,
5123625.4255, -2.04391472973e+11, 1.40550435484e+11, -13807.0216158, -19848.2771711,
113781319.586, 1.22901427609e+12, -7.11022176119e+11, 4390.46227673, 7617.25661608,
0.583574033618, -1.06974320985e+11, 19158774140.4, -7319.52161028, -34287.1809578,
0.963463589536, 2.57817434584e+12, -1.44501262169e+12, 3276.67444707, 5846.20360563,
67921.066593, -1.85832606744e+11, 1.51879981971e+11, -13827.6484085, -19806.1361766,
1358.08299227, -1.69922319005e+12, 2.81139772923e+12, -5440.35144023, -3288.17628084,
4.55345872764, 1.18061842236e+12, -7.63313256579e+11, 4765.13233249, 7433.11407161,
1091206038.28, -1.59098740047e+12, 3.33824503971e+11, -1855.6467598, -8843.90025134,
3425.48444147, 1.28623448158e+12, -7.85403663378e+11, 3968.65810999, 3642.49687552,
39810457.6788, 6.28470898272e+12, 1.9722502589e+12, -1344.15781075, 4283.24987119,
66862130.6145, 4.60846608318e+11, 5.80492065896e+12, -4759.55007438, 377.855725816,
779368.439904, -2.10232103077e+12, -4.04820459746e+12, 4787.4545749, -2486.22968389,
154.658875153, 5.71677524459e+12, -1.89274392253e+12, 1475.6915306, 4457.12529325,
1125163.60208, -1.11111458421e+11, 17871732409.3, -7432.08310386, -34347.9888706,
2.23003784755, 4.37020209537e+12, -1.29575666288e+12, 1397.38179594, 5296.9980255,
765.919172532, -7.66987553356e+11, -5.93654821869e+11, 7160.73389828, -9251.49357937,
26.0964394062, -48666162251.0, -8.39738556799e+11, 14168.5804749, 105.385751551,
1.29981435305, 1.39476188351e+12, -1.05658400671e+12, 5221.36790645, 8140.71736927,
3097528652.2, -3.14522521407e+12, 6.65131643547e+12, -3839.9434452, -1815.80399333,
14.4243230473, 5.11876394022e+11, -6.27178843775e+12, 4577.7526262, 373.616478024,
1202107.84986, 4.19716781738e+12, -1.22776804079e+12, 1494.83222889, 5031.04852041,
22.4717953607, 3.11254912677e+12, -2.49266482901e+12, 3606.60919465, 4503.51293475,
38738462.1694, 1026899265.36, 1.93758968225e+11, -26174.0204371, 138.719165386,
98866560.7456, -5.7007028702e+12, -1.36239805349e+12, 1106.19115221, -4628.6524414,
22334.9981284, -1.03002316367e+11, 31319356784.4, -7764.03025871, -34142.3382726,
842415162.424, -6.72860977593e+12, -2.89766259948e+12, 1683.6652147, -3909.60846341,
23346261.7449, 2.27928206314e+12, -3.11779834785e+12, 4732.86098979, 3459.98167869,
0.468883915034, -4.93278144299e+11, 1.07583745728e+11, -3455.27689994, -15842.6588116,
24196393.0715, -1.93364739288e+11, 1.12820224508e+11, -13738.0176764, -19825.0639948,
623.750835988, -2.27791071498e+12, -3.16683516168e+12, 4735.58583581, -3406.31613783,
2.47890400155, 1.53774028972e+12, 2.2700509381e+12, -5760.75014344, 3902.3519014,
916.207482644, -57120177196.8, -11910857270.1, 9530.96445773, -47050.3827412,
22676664.4391, 4.19798011295e+12, 1.50996961112e+12, -1846.2438083, 5132.88130689,
61.1281430876, 54620656921.8, -7.89881231748e+11, 12534.2096904, -134.76743748,
723214.387672, 4.08476909525e+12, 1.73157957882e+12, -2134.87665991, 5036.1405905,
2893.02103076, 1.3373651853e+11, -1.03261166198e+11, 17992.8717031, 23918.3225347,
25305543.9543, -1.46355229024e+11, 1.37323914414e+11, -13788.8735893, -19777.0412551,
661451484.396, 1.2068123697e+12, -9.83170341275e+11, 5275.25436531, 7847.87758578,
3713532.6793, 2.80874455425e+12, 2.47736242648e+11, -602.847573719, 6834.86930142,
4.26755498539, -3.05385659236e+12, 6.073766762e+12, -3947.93074362, -1984.99790987,
184740130.35, -54580187255.9, -17829946635.5, 9429.35107041, -46938.8787028,
103884161.895, 1.510505051e+12, 1.69149564889e+11, -1040.01347063, 9287.3168283,
19222708.4944, -1.12610919371e+11, 34789996033.4, -7709.23843893, -34285.4296477,
341.262206094, -3.4159115744e+12, -1.62268561329e+12, 2542.18591448, -5351.54944272,
0.482995826409, -52024946566.9, -11171487694.0, 9373.28727339, -46888.9812433,
121.989085993, 1.2899919565e+12, -7.32256374861e+11, 4044.53138407, 8038.12863345,
6779114.10948, -2443072638.93, -8.46135086767e+11, 13274.0865848, 44.7505332586,
487516.746532, -2.40009908445e+12, -6.6808667826e+12, 4069.6422168, -1462.01756096,
2.39895722836, 4.6681300338e+12, -1.28978492312e+12, 1603.39397446, 5291.02037501,
533.828834946, -1.11537620956e+11, 18047252666.1, -7441.58871123, -34353.6823193,
58723.4418859, 1.18994771966e+12, 3310847877.18, -29.3870083466, 10561.9481375,
12238327.7526, -2.3629845118e+12, 2.53362224784e+12, -4526.75195881, -4221.87829166,
271740.257777, 6.00575786262e+12, -1.70997623352e+12, 1262.58131607, 4434.42284026,
17183718.4632, -4.03274634003e+12, 1.42552083122e+12, -1856.65850815, -5252.41907339,
5.00420239939, 1.3440563198e+12, -1.05225324544e+12, 5250.75450531, 8085.11897584,
590507454.365, -56595337368.2, -11376107079.3, 9451.52127559, -46619.1330183,
104.905912721, -1.39978491404e+12, 2.59781263459e+12, -5904.4363322, -3181.5000026,
69.2023125783, 4.52476127737e+12, -2.02411809181e+12, 1731.64760259, 5185.07528636,
581685.060923, -1.18380186951e+12, 5.26869835601e+12, -4837.45379263, -1086.90732633,
1.44478508526, 1.35024450365e+11, -93618882185.2, 17931.921267, 23968.4300867,
7248138.95038, -2.75383899814e+12, -2.85525711605e+12, 4163.72867115, -4015.83392537,
378371740.317, 1.30681607829e+12, -6.25733739091e+11, 4403.5890502, 8064.75521785,
1034.90039438, 2.03115539646e+12, -8.29810369906e+11, 2941.69591073, 7200.49030539,
409135.869522, -1.44243648933e+12, -3.31925556382e+12, 5554.50603028, -2413.80093344,
388005.913803, 93779886694.2, -98295133729.0, 17932.071761, 23699.3026459,
6777.489004, -51638524524.7, -9908204495.96, 9358.42507314, -46895.088048,
0.476480308399, 1.14013455223e+11, -1.16104040017e+11, 18013.7086804, 23789.0831421,
56932338.7526, -1.85239137462e+11, 1.30180631462e+11, -13782.4807864, -19657.2069879,
10.9845385758, 4.04555642833e+12, 6.41923198642e+11, -892.12749545, 5622.40487918,
17768.8001046, -3.08308040762e+12, 2.12089598477e+11, -449.795207574, -6538.53277987,
8761.42677672, -4.84419591071e+11, -5.7288759742e+11, 10157.2970505, -8588.75930596,
7449998.98987, -5.87601343717e+12, 1.11837353009e+12, -880.810853808, -4627.84237407,
0.0580442961197, 4.50522718873e+11, 6.62228636952e+11, -10644.1766887, 7241.3712642,
19.9597500808, -1.16924735474e+11, 19175365836.4, -7519.30185098, -34357.4665829,
2334725.67586, 3.96453414391e+12, -2.35436005379e+12, 2739.69754539, 4613.40840589,
2689314676.65, -3.58510510111e+12, -9.55733646244e+11, 1540.7492053, -5779.5891744,
70001641.7405, -2.14292822464e+11, -40991044219.8, 4634.28531207, -24227.0988341,
4522140.65935, -4.60686410815e+11, 3.30786097259e+12, -6700.97703761, -126.083312377,
11908.6821675, -90114223142.5, 3.1344752797e+12, -6816.04161524, -138.97164552,
11921628.3543, 35024742823.9, 3.08032773658e+12, -6847.49676575, 111.312148223,
105644892.104, -4.18348279308e+12, 2.351903926e+12, -2577.31479535, -4584.43560536,
93091.6443048, 4.32475051295e+12, -1.36828546019e+12, 329.704274476, 5115.28016103,
581312652.266, 2.6218324404e+12, 2.6944394429e+12, -4258.72788649, 4143.96803649,
406.296999349, 3.84265963789e+11, -9.65517059087e+11, 10501.1716723, 4179.35945884,
3329977.48621, -2.48030039899e+11, 3.14314065807e+12, -6717.16018552, -167.052670656,
402816784.701, -1.04215637235e+11, 23737899385.1, -7692.120642, -33741.0677954,
0.532911591726, -6.67909667749e+12, 1.19638399222e+12, -779.862084111, -4353.76458457,
23.0112508329, 6.70148041946e+11, 6.40850008248e+12, -4514.29348853, 472.067551404,
632.374422008, -1.19039283742e+12, -2.92145870368e+12, 6007.29427439, -2447.76353248,
10451.517469, -3.62224923698e+12, 5.71110609265e+12, -3741.33810217, -2372.93071886,
15.2113888832, -4.14367828395e+12, 2.5128341421e+12, -2713.87377222, -4475.19381677,
4.59955604779, -2.02586105434e+12, 3.13943213284e+12, -5008.34335794, -3231.86083543,
402.282137625, 2.71787889137e+11, 1.50869327366e+12, -9158.1386992, 1649.81923691,
172.327271772, 1.36535079432e+12, -3.71831838457e+11, 2544.99629758, 9345.11883344,
314.759443451, -6.47487605062e+12, 1.47157093067e+12, -990.923232468, -4360.0379514,
102956.894924, -1.05814424653e+11, 23493306556.5, -8080.27224873, -35262.6098245,
5002140695.73, -62107922230.6, -12663081962.6, 9390.93171726, -47018.4672484,
1233.53386625, 1.45930299658e+12, -8.51786204561e+11, 5048.99932096, 8432.6658161,
4.78558617581, 9.33391554971e+11, -3.4033706206e+11, 3959.73084919, 10859.7615324,
48218.734326, -3.08404185031e+11, 1.90411326276e+11, -10053.8424806, -16283.9425433,
27650.1238714, 2.49226901656e+11, 85919996517.3, -7313.63879566, 21214.5671643,
9632.93268888, -2.17574024307e+12, 4.88540352778e+12, -4551.18899054, -2026.89603514,
1686338874.49, -1.83419205052e+12, 1.03936590405e+12, -3912.0887671, -6903.74976663,
0.940237512775, 5751324962.63, 1.16381129469e+11, -33711.239611, 1665.94270722,
30332574.7257, 1.42929255162e+11, -1.04372374736e+11, 17958.0794637, 23916.7595366,
407.895462816, 3.89331569205e+12, -9.88674973599e+11, 1563.62466453, 5074.39357507,
207579.272581, -74912196954.7, -7.12720691461e+11, 11588.5169458, -1155.38762988,
8354.64573704, -2.13949034874e+11, 1.43066552655e+11, -13799.7278489, -19842.9323245,
67.43086412, -1.53007543005e+12, 3.56799770529e+12, -5374.18419658, -2304.62793839,
34996.6088743, 2.28674583779e+12, 6.02081855473e+12, -4244.15456005, 1611.95735877,
47903237.5604, -1.50917559248e+11, -8.34758753182e+11, 13041.3968121, -2307.57293912,
123.497428548, 4.57402352736e+12, 1.35230567613e+12, -1495.69579567, 5059.02465688,
2.17684656165, -60374503701.2, -13857742711.9, 9416.26333565, -47015.0129911,
7251897.15093, 4.08792726505e+12, -8.96237584348e+11, 1534.4088938, 5105.19535798,
1.42365612605, 1.03584702474e+12, -8.39858472388e+11, 4965.82488699, 7633.47080681,
3471236327.69, 1.56555035689e+12, -8.8185438157e+11, 5003.06296585, 8348.06228173,
330.743595247, 2.81176658918e+12, -5.11491890413e+12, 4179.12331459, 2297.34225083,
583638384.021, 1.26390950782e+12, -6.48210217801e+11, 4372.24896383, 7918.17390952,
437.77284827, -5.37774670317e+12, -7962299475.79, 7.35610251155, -4968.32053982,
38364802.6081, 4.0404903598e+11, 3.18744013926e+12, -6686.5296133, 63.6422977565,
5.95222741464, 1.10779426265e+12, -9.28785828675e+11, 5137.74236524, 7690.29971925,
634015400.191, 1.64394418837e+12, 8.93819140401e+11, -4023.21078706, 7399.63343031,
1168718249.89, -1.43571660849e+11, -7.06996361582e+11, 11891.8299707, -1675.15448501,
153.440789118, -2.63129920309e+12, 1.4745194704e+12, -3243.04959107, -5787.26424159,
633259.85195, 1.14270854135e+12, -7.77207627935e+11, 4855.3764967, 7498.9585372,
3470861.42452, 4.53279290613e+12, -1.65303879434e+12, 1748.3281289, 5238.96946489,
410869.381786, 5.46230389562e+12, -2.94242511566e+12, 2193.64226142, 4072.26699039,
2906857852.36, -3.13425461353e+11, -1.79671050646e+12, 8404.41208164, -1466.09969977,
2217.9503261, -4.82044386008e+12, -4.42112976655e+11, 478.282785271, -5214.81032537,
104074.238366, 6.99392294076e+11, 1.38927690148e+12, -8251.63685041, 4154.05396903,
152565.535647, -3.02020663445e+12, 5.06778686317e+12, -4074.79643733, -2428.42241917,
0.287047197815, -57833642980.5, -12219886115.2, 9456.62401453, -47054.0434484,
570.071310797, 1.35938533059e+12, -8.42908492763e+11, 5288.39643972, 8511.32213434,
113688.445337, 1.20525998162e+12, -8.99309259102e+11, 5305.14394542, 7702.13840517,
26648.5907128, 4.37073339637e+12, -1.90997664419e+12, 1748.0588436, 5165.28286105,
29.6951376339, -5.98127261932e+12, -93610674571.4, 73.7166682512, -4710.14113953,
2.34229859656, -19105757497.3, 2.91636513109e+12, -6391.76091412, -42.7351301443,
69.5074929867, -56124958797.9, -10437220174.1, 9261.4077874, -46874.4480562,
1.14418425746, 18797313594.8, 2.98723220375e+12, -6458.6675408, 280.320945597,
22666.8141402, -1.52681402141e+11, 1.20866285684e+11, -13774.2650672, -19775.2867152,
279.867770147, 1.47487408928e+11, -1.42004688846e+11, 17660.9390729, 18342.8178623,
427400.365232, -58768022025.8, -10845085301.9, 9350.87771705, -47057.6169028,
2268378761.81, 5.56365696274e+11, 3.12745780967e+12, -6662.80348458, 57.4675242425,
2146780014.67, 5.01205663408e+12, -1.77162948615e+12, 1682.51243616, 5235.90410598,
43443404.1099, 5.97186237477e+12, -4.11896857934e+12, 2428.73354326, 3521.28504648,
910758.018214, -2.9845237017e+12, 3.12465843194e+12, -4008.10961928, -3828.35385636,
20969002.4272, -1.92478567345e+11, 1.16276138567e+11, -13733.3413611, -19828.0401314,
1233.42277821, -1.64456600892e+11, 1.02335578176e+11, -13756.5265703, -19786.9460284,
15490.457193, -33802283476.6, -6.51983034544e+11, 14240.2627239, -738.291292675,
1231.71269983, -2.15825260602e+11, 99263180410.0, -13759.9838727, -19830.4113002,
17943226.617, -62261296293.4, -1.11099867695e+11, 28163.9090593, -15783.2905034,
522047963.821, -2.16887467991e+11, 1.24476044251e+11, -13776.2439872, -19845.6411868,
2834322960.18, 4.63028057228e+12, -1.42119899869e+12, 1659.42432771, 5302.51555271,
6015041.75358, 1.26050285885e+11, -77100648948.0, 17745.5022539, 23889.7459366,
209333007.317, -36662275082.4, 52663651981.4, -37328.4296801, -25986.5221236,
75065468.5389, 1.4456226956e+12, -9.27535715434e+11, 5168.46761131, 8322.91958575,
12816979.8462, 5.10738842513e+11, -4.00551555393e+12, 5687.58804537, 725.218038944,
619719.911825, -1.95203443654e+12, -4.00139122925e+12, 4907.58654648, -2394.11179517,
5579.89727578, 1.18762465545e+11, -84123281490.9, 17635.1951554, 23776.7143193,
21.1127274527, -2.27299110167e+11, 42547208163.7, -4408.2635362, -23550.1792574,
19.6338884272, 1.13089432764e+11, -90670021650.1, 17924.6263267, 23569.7984821,
72782.2362169, -27623692042.4, -8.68693732368e+11, 13766.7646077, -291.586363158,
2470.82539493, -84375116848.2, 1.19271717429e+11, -24608.0571993, -17408.2150099,
23854874.619, -2.26900425181e+12, -5.57274679116e+12, 4350.24184771, -1771.24811493,
13852860.6983, -65037816351.2, -8.66288409651e+11, 14236.5149324, -937.725455405,
3585.13317111, -50236872780.6, -13977884629.2, 9396.58561338, -46905.2025346,
138.089226671, -1.63696866055e+12, 5.40205518691e+11, -2750.03980572, -8333.36354678,
1017.71241301, 7.17599399367e+12, -1.24815864968e+12, 731.558588993, 4205.92369565,
307777594.689, -3.0095846522e+12, 3.37559682754e+11, -737.953743219, -6579.38247101,
38224.4661346, -4.91796709531e+12, 7.16958982414e+11, -745.549375091, -5114.0823737,
458470126.656, -1.40293372992e+11, -8.42333601344e+11, 13223.1327296, -2308.16922715,
32392.8874103, -1.0548582205e+11, 26092760138.6, -7922.85076396, -34189.0310222,
111125292.857, 1.29866295315e+11, -85527199021.0, 17820.8507618, 23988.6287996,
863.17168751, -1.80707206826e+11, 1.37770199202e+11, -13833.5424619, -19766.3502077,
37650.8352105, -1.80824030294e+11, 1.50153580229e+11, -13826.4790557, -19795.1588246,
61.9485480208, -52842078543.3, -8530379955.62, 9336.42100593, -46902.0501643,
2410110.8172, 5.36995181118e+12, -2.28174854839e+12, 1865.34734758, 4389.97775398,
176263.927152, -1.47803193014e+12, 4.63462171218e+12, -4976.85034761, -1587.1724128,
5.16886085483, 1.27472454968e+12, -1.80302019478e+11, 1422.11393911, 10054.2609333,
2227111.04347, -6.4269738856e+12, 1.1821343067e+12, -815.32396392, -4432.71614294,
1769230314.25, 2.2307910308e+12, 9.83663650775e+11, -2977.12291797, 6751.63618964,
227828586.895, 1.75184073681e+12, 4.9172662107e+12, -4750.37424832, 1692.38328102,
1974201.51602, 1.2930081707e+12, -6.37183579035e+11, 4380.66347903, 8025.08106537,
6315.09455228, -1.68456339627e+12, 7.58741128091e+11, -3481.04573258, -7728.6468398,
34467.7148193, -93361598464.5, -8.06866242916e+11, 12103.5073858, -3384.88788601,
146.260552015, -1.73261381454e+11, 1.46700519748e+11, -13817.4902386, -19780.0886604,
1185443.58662, -5.00847129113e+12, -7.87966749432e+11, 795.237055963, -5054.68278618,
3395.66983382, 1.37825344786e+12, 6.96170801094e+12, -4242.57882788, 839.930213702,
2320598.59694, 1.16227666712e+11, -82345789887.7, 17693.8234252, 23724.5366352,
683.049099878, -4.89673275935e+12, 1.3033491886e+12, -1316.48748869, -4946.09385535,
22716520.9417, 1.26141552434e+11, -84278958780.4, 17754.6943485, 23978.1043827,
181937.692915, -1.00763152452e+12, 8.17712394812e+11, -6373.22678581, -7853.45099703,
28854.9315821, -1.04959327277e+11, 15928312660.2, -7369.03775007, -34185.9671819,
5787675.05525, 4.34907821018e+12, -1.98687887631e+12, 1741.2574981, 5159.86677169,
165939.165332, -4.06532498402e+12, 2.56540248779e+12, -2804.41331237, -4444.07907085,
157.698907127, -49407440229.3, -11487001282.9, 9376.7636972, -46902.3589018,
1.99879475002, 5.28602232887e+11, -1.88899572976e+12, 7922.0655971, 2216.85073064,
82325.6119244, 1.38916973621e+11, -1.10254926155e+11, 17980.9553125, 23896.4033932,
3.29209008209, -1.14094341692e+11, 14736980736.7, -7459.69612313, -34318.4482442,
4199207465.54, 3.95100730354e+12, -8.29959338475e+11, 1552.03948814, 5097.89718478,
16065030.9666, 7.16580473863e+12, -6.66939679448e+11, 398.006521865, 4276.30430197,
5909456845.86, 1.36744159182e+12, -6.98745007038e+11, 4466.04676389, 8390.68846292,
2829.26600141, -1.51780851987e+11, 1.4331417272e+11, -13795.0664505, -19777.132738,
518.785925884, -1.3690668724e+12, -1.05603599061e+12, 5351.60659271, -6937.9333331,
187311443.886, -1.06382209929e+11, 22055341604.3, -7181.02118502, -34434.974804,
7430830.88158, 1.39391986579e+12, 2.96375329891e+12, -5761.00832064, 2709.53184534,
4.18785932108, -3.22130248789e+12, 2.7056526305e+12, -3612.86244664, -4301.41055676,
870052104.494, -2.52821554094e+11, 3.22151771016e+12, -6733.48824356, -139.932799174,
491.229271686, 1.31911119981e+12, -7.01249686047e+11, 4276.15057716, 8231.90629138,
66207.6648644, -1.02581179874e+11, 24982175921.6, -7720.27604597, -33930.8340322,
1.09946756888, -1.07960703338e+11, 23292041435.1, -7560.85384108, -34574.351763,
1670023848.41, -7390057641.7, -1.4548431661e+11, 30148.314827, -1531.4213213,
3029696868.31, -1.72612265997e+11, 1.32641924721e+11, -13792.3271272, -19755.5103872,
100045728.753, 3.81447864737e+12, 1.99054776081e+12, -2569.70815899, 4924.32138299,
0.776135551779, -3.14210676293e+11, 5.06633650158e+12, -5104.0277769, -316.548263049,
1483738.23932, -8.80550043522e+11, 1.46864098793e+12, -7551.31599079, -4527.52693068,
460074010.249, -1.89766708069e+11, 1.34071092034e+11, -13861.9887464, -19862.7114918,
13130624.371, -53410079312.1, -13354374321.9, 9414.19314888, -46892.7697957,
1952.42797595, -53792459669.4, -15558087116.1, 9428.96749643, -46919.3641062,
24.6165848487, 2.56941917587e+11, -6.25758095793e+11, 12958.5947315, 5320.91586499,
140228.054165, 2.64146632147e+12, -5.24316258994e+12, 4246.59482527, 2139.40289271,
10.6288439948, -71794160032.8, 3.02690376738e+12, -6746.54574953, -341.713193671,
929.955497533, -1.56777405186e+11, 1.19497141962e+11, -13771.1896004, -19774.3178303,
55936.4526575, -2.27428372683e+12, 2.12857682503e+12, -4460.80656445, -4766.1609667,
966882052.568, -4.74903109194e+12, -1.0899392494e+11, 121.292442339, -5284.89620134,
1677200903.92, 1.88134322548e+12, 2.26902196474e+12, -5166.09745908, 4283.43251314,
92.6643109312, -2.3283554455e+12, -3.37928381295e+12, 4683.42055276, -3226.91681172,
31403334.4519, 1.27793745262e+11, -1.07652717302e+11, 18024.057613, 23874.1705614,
7876229323.9, 2.40808060306e+12, 1.43143139618e+12, -3517.37030467, 5917.23167949,
150.703683216, -55133132548.0, -13967040262.3, 9447.15398023, -46912.4151275,
476017588.411, 4.53452849991e+12, -56501891095.9, 67.4100586467, 5409.9575463,
9.4949054617, 4.51393786739e+12, 3.13538882046e+11, -375.319216875, 5403.37330527,
153.044225118, 4.35068438319e+12, -6.51171341904e+11, 1538.64196432, 5159.19967315,
309544082.239, -1.30971722001e+12, -5.28514897377e+12, 4792.58064185, -1187.65344668,
72482.8931645, -1.68350252285e+11, -9.03595546725e+11, 13379.2247913, -1827.12694771,
167.184350942, -2.01008956676e+11, 1.179566507e+11, -13751.5602992, -19844.8371651,
221630.811462, -1.17428832025e+11, 29068585315.3, -7644.6059033, -34345.6705271,
1056592484.12, 1.09785016016e+11, 3.27438228154e+12, -6768.92309459, 20.8501589341,
16745951.3741, -1.20095642763e+11, -7.41226092366e+11, 11714.0121858, -1795.7605452,
156283252.597, 1.11525997492e+12, -7.4408506604e+11, 4777.11376933, 7559.40885265,
32834315.9682, -3.8463927129e+12, -3.42815908556e+12, 3377.22293699, -3789.24238067,
2.82565783792, 7.32213431888e+11, 5.405451383e+12, -4888.45972854, 662.182604349,
14538197.2845, 56049281715.8, 1.35456268754e+11, -27805.6761842, 11505.4710431,
34.6265145155, -31578958584.0, 2.57907542077e+11, -22435.2761218, -2747.04124496,
601393.996906, 4.58159424992e+12, -2.39190507366e+12, 2345.42741609, 4492.5682384,
227623.682189, -3.33178010091e+12, 2.56582129827e+12, -3428.05577795, -4451.41212035,
27072.0560792, 1.01780217618e+12, -5.14945053699e+12, 4933.41360101, 975.101918745,
21351006.3213, 1.3120814942e+12, -7.81268105836e+11, 4654.2007748, 9233.47248482,
2707541437.28, -1.72609745441e+11, 1.32892275659e+11, -13793.1999003, -19755.7516358,
142.628190251, -2.03980652423e+11, 1.33034760257e+11, -13791.6379464, -19858.0641494,
2328.73892019, 1.21543738906e+11, -63858398950.6, 17771.2104541, 23823.68284,
159657897.571, -1.81877975757e+11, -7.52828874163e+11, 12234.4571458, -1996.07891154,
525982.964126, -1.88269320836e+11, 1.2924245923e+11, -13676.7204901, -19939.6645454,
2510086.96518, 1.24601869713e+11, -97207962074.6, 18069.5162221, 23933.7702468,
34290.814893, -56589338483.3, -13536443372.8, 9475.17196097, -46948.649167,
96.0003148426, 4.39466452528e+12, -1.869167862e+12, 1751.50300803, 5171.95336458,
4920610.50888, -1.11897056251e+11, 35180986185.7, -7714.04034613, -34277.2505232,
0.779631432701, 90623235597.3, 2.99458036861e+11, -19715.1650411, 5966.28517669,
98982.0931464, 1.31675185624e+11, -83347816139.5, 17813.5199681, 23964.4202066,
668.271056413, 3.76824521612e+12, -1.16134408779e+12, 1597.93762125, 5055.50740598,
2.00012317206, 3.55661254921e+12, -6.20607511499e+12, 3737.65034115, 2141.99374993,
3.2688525131, -1.42261276859e+12, 4.05594731899e+12, -5244.12032635, -1839.36130071,
63664.7394338, -58658589964.4, -11006102241.8, 9357.13843867, -47062.7459817,
125380.466039, -98197067383.4, 24872525536.4, -7617.19497217, -34000.412274,
187263.940757, -5.13152078233e+12, 3.69801495399e+12, -2678.36948832, -3716.61793234,
12798003.4182, 1.24270061446e+11, -1.17300607448e+11, 18012.4643268, 23834.5547135,
580.682541779, -1.17922077857e+11, 23076842268.3, -7572.3691678, -34366.1036058,
66.7670211721, -1.75765799441e+11, -6.64574217518e+12, 4466.94895237, -118.141335155,
4888318.81144, 3.77293125856e+11, -6.96341026298e+12, 4356.56981912, 236.048686346,
62.0351587359, 6.91977440771e+12, 1.47893604938e+12, -905.259828034, 4235.60828949,
9.62186015379, 5.66016489226e+12, -4.13456810036e+12, 2566.94471046, 3514.11077961,
790656.517973, -3.48304873528e+12, -1.62650890518e+12, 2486.41554732, -5324.47532251,
196402.676814, 3.66482094978e+12, 4.54648833646e+12, -3711.98968152, 2992.15054422,
19764809.4954, -2.14883027861e+11, -5.91375956712e+11, 13651.6402251, -4960.47523332,
1265.50959498, -3.80085158589e+12, 4.35685368041e+11, -670.826349017, -5852.18503889,
24304.3970112, -2.58290597824e+12, 6.07289193129e+12, -4127.18853001, -1755.36466779,
9349032.26132, 1.28964842727e+12, -7.79542153443e+11, 2530.06910449, 8591.73730783,
416776.231718, -37356329973.6, -7.80716963851e+11, 11579.0737643, 82.4026531097,
0.504037838244, -1.63630248895e+11, 1.18996367784e+11, -13765.8577618, -19772.1063082,
169930478.259, 3.05270524109e+12, 5.68712199223e+12, -3995.72039892, 2144.80305159,
22609.0248166, 4.73441052129e+11, 2.93970901751e+12, -6627.67782416, 67.1647209464,
810.668524649, -1.0092833815e+11, 2.52326004054e+12, -6535.68598628, -58.1157355402,
2331.57085592, -3.14528839092e+12, -4.45392182935e+12, 4030.45490824, -2846.24282121,
1063492485.24, 2.80910763478e+12, 2.92750050395e+12, -4127.2282292, 3960.3164247,
481044277.869, 6830425298.34, 3808054940.44, -63443.1058785, 113796.518741,
421724290.945, 1.79876739219e+12, -2.72777745612e+12, 5321.11708536, 3508.88298519,
2799.95047245, 3.60270790671e+12, -3.6116833582e+12, 3611.5415458, 3602.56644673,
46758.9084359, 3.91475014792e+12, -1.03379551438e+12, 1563.74173815, 5068.27254262,
2318396.9093, -56590929008.2, -11802051517.9, 9570.7394674, -46880.172862,
8308534.34921, -3.69055225321e+12, 1613250671.08, -2.62165323277, -5997.42397059,
55929.6104853, -1.6540811484e+11, 1.29110513383e+11, -13781.1172157, -19764.388017,
175922058.255, -3.25204969049e+12, 1.52247701367e+12, -2577.96171512, -5506.59190419,
104.813047791, -2.04190818322e+11, 1.32299147467e+11, -13789.4331874, -19858.2360888,
1.01970194574, -70464382366.4, -7.64401281523e+11, 11094.8793716, -1088.60911533,
326264.634464, -1.28375067086e+11, -8.8010471645e+11, 13625.7036231, -1889.39050425,
1847.8420409, -91118767262.2, 2.98951738852e+12, -6573.30978572, -308.094430163,
17636820.7367, 1.27198538101e+12, -8.40189402666e+11, 5669.4887223, 7776.1396765,
113011.141619, -1.86898486937e+11, 1.30202453751e+11, -13808.5794439, -19353.6274834,
933573.095612, -63127064700.0, -9094951194.75, 9356.61697055, -47010.9594863,
62.8168154839, 1.11005822508e+12, -8.67015667052e+11, 5068.1972259, 7607.85050002,
433162867.753, -2.66004320467e+11, -1.18014486103e+11, 8661.40176205, -19522.7752633,
10376333.6004, 2.52931552761e+12, -1.35920534512e+12, 3218.52926172, 5989.29077711,
3.57107152424, -1.87002553241e+11, 1.2119120518e+11, -13714.3488779, -19807.9550856,
4626.44977375, -1.09293788004e+12, 1.03902354061e+12, -6464.44326129, -6799.87953833,
345473.124398, 1.97677929343e+12, 3.8428436342e+12, -4928.51340057, 2535.25362076,
1015569.09067, -5.25486349708e+12, 3.48903653881e+12, -2537.52535506, -3821.78553101,
2101.61598674, 1.68864190078e+12, 3.67726261154e+12, -5205.0342205, 2390.21245102,
55.5743317272, -1.35299448807e+11, 7.45469987237e+11, -13023.8352815, -2363.76750923,
97.3555204811, -57619663619.1, -11134880701.6, 9338.79581089, -47111.9631847,
190790691.538, -1.07941233118e+12, -5.34080552332e+12, 4838.0116349, -977.794341005,
47966333.2662, -1.02955082974e+12, 4.94761306973e+12, -5017.70607523, -1044.13651196,
996405.519534, 8.49626866541e+11, -7.16181333813e+12, 4260.36522927, 505.419589867,
859.442189704, 4.25757348882e+12, -1.29468114371e+12, 1441.02043102, 4986.70254267,
104172.974143, 1.37529554882e+12, -6.49989082565e+11, 4477.51184178, 8270.34044871,
2219379.11235, -6.40001340018e+11, 7.12858097003e+12, -4289.37522858, -385.098507777,
2.57659238955, -1.05979913965e+11, 26160453770.1, -7914.32454417, -34250.031687,
899.415240636, -2.12397246095e+11, -8.3574557862e+11, 12863.5467243, -2043.00356237,
1251988807.44, 6.79420969257e+12, 6.28344841248e+11, -406.187060318, 4392.0469797,
1372109.07173, -1.02841058308e+12, 1.15802038942e+12, -6922.34047432, -6147.56723502,
1975558550.57, 1.74653644107e+12, -1.12521206463e+12, 4329.09072929, 6719.54643313,
633657175.927, -97663459561.5, 32966552305.0, -7700.93923577, -34100.6598893,
2.05999134487, 13811206034.1, -6.90073853736e+11, 11955.3390363, -589.299542839,
85750.9361177, 4.29703934205e+12, -3.67637227984e+12, 3149.69485009, 3681.44509208,
394849273.241, 1.23874371431e+11, -98880157995.7, 18075.0843305, 23900.1453061,
46.3105338249, -1.1752936247e+11, 21612711081.1, -7552.30709899, -34366.1336821,
14.7797184151, 1.24801509358e+12, -7.92952918534e+11, 5055.12754513, 7058.2576454,
32.1297938764, -3.0502976999e+12, 1.36362719883e+12, -2572.45183678, -5754.31754922,
3339939121.36, -1.48160848143e+12, 3.34495701494e+12, -5507.62032826, -2439.53418666,
26784804.1116, -62682786875.8, -10590301425.1, 9368.02707368, -47017.3732752,
3.70336252788, -1.07464509119e+11, 22598335612.1, -7419.61924163, -34572.2882015,
4822307300.58, -1.53972206922e+11, 1.55222980703e+11, -13802.6851533, -19783.1110693,
2.96199598582, 1.17604146183e+11, -88767845021.7, 17692.4631721, 23448.1991244,
115.780197558, 1.94895145181e+12, 5.94591628288e+11, -2355.26685782, 7720.08979537,
591093164.023, -97295982158.5, 11551728386.1, -7453.81932633, -34117.7414235,
201514109.772, -34614373119.5, -8.36579836251e+11, 13640.5712016, 314.909555742,
166.779856309, -1.29022871879e+12, -6.04349650295e+11, 4094.38039041, -8741.11065136,
2008899.7519, -98941825829.6, -7.54435958011e+11, 11447.6058101, -1714.68729175,
0.0549306755413, -8.68579472798e+11, -9.09951315175e+11, 7430.75361374, -7092.90700357,
13418245.0876, 4.93302443603e+12, -4.75075302454e+12, 3053.95663552, 3171.12732062,
216607688.798, -2.20014407414e+11, 1.10714353908e+11, -13766.2816845, -19837.5347164,
22759.5148417, -1.07160752473e+11, 22720485298.5, -7403.59677072, -34605.5683495,
11589.2590786, 13288619526.3, -3.88212049586e+11, 18475.4301596, 632.419736168,
22.7512544691, 3.33364938344e+12, 3.12577287465e+12, -3686.4871773, 3931.65344972,
5335.15695027, 3.67912687962e+11, -2.70835696402e+12, 6905.60369136, 938.081371785,
342126057.694, 4.59799390144e+12, 4.71390115472e+12, -3214.07414048, 3135.04522298,
1.60942722126, -2.49124886648e+12, 3.12174433565e+12, -4506.13772328, -3596.03775591,
1001145138.94, -96302366626.7, -7.42273953661e+11, 11486.7108547, -1549.85299327,
85521176.1022, 6.73212963065e+11, 7.17899458541e+11, -8471.63706236, 7944.3100575,
299076.462156, -4.32474329593e+12, -3.75043582511e+12, 3154.95461266, -3638.0755321,
16846.2535593, -1.00602679135e+11, 28587446685.6, -7729.49191452, -34056.6411446,
3591833.73341, 4.37789966637e+11, -3.44878961578e+12, 6130.13976811, 778.161031419,
5880819.87584, -3.60012372917e+12, -2.8324716046e+11, 475.543109941, -6044.24076683,
62382.5866901, -1.02685949918e+12, 4.00465796444e+12, -5488.91472122, -1407.44709579,
972286039.995, 1.08619272015e+11, -1.16945503481e+11, 18002.7186102, 23770.5771063,
142884632.431, -1.16461000708e+11, -5.88164269145e+12, 4749.34253857, -94.040596099,
975151.719624, -2.26509683976e+12, -3.75090821944e+11, 1242.23888437, -7501.62682371,
37647636.9818, 26592264449.8, -8.58331383406e+11, 13169.8740661, -131.440802265,
2.33769403288, 4.60963883007e+12, -9.36403048167e+11, 1539.98534514, 5218.38864607,
205723991.819, -1.38372226811e+11, -8.97792143826e+11, 11947.4636586, -1841.40300464,
85.3885820491, 1.35536516914e+12, 5.09413664415e+12, -4849.50029365, 1290.27630095,
0.0397382951545, 4.6700717467e+12, -6.69527670693e+11, 1552.04493996, 5196.91482423,
6121404447.35, 1.08136710931e+12, -6.70688393335e+11, 4690.69196364, 7658.58982312,
957254102.85, 4.67254976892e+12, -1.2717672321e+12, 1597.74175103, 5287.74770993,
13.0721403344, 1.24645173638e+12, -7.89642445961e+11, 4973.06240035, 7060.12051262,
12163.5727612, 3.10952051611e+12, -4.15946679573e+12, 4049.33810719, 3027.1908731,
1.13672562288, -5.73332250736e+12, -9.90344203937e+11, 813.037606623, -4706.85524371,
37445.537238, 1.20204194211e+11, -88069652818.2, 17460.122542, 23960.6654153,
2012137.1918, -2.8150170634e+12, -2.15570891769e+12, 3720.17033436, -4857.9578087,
0.83345869619, -28617029210.7, 2.99638109988e+12, -6190.884222, -437.139579764,
1.90215384478, 2.37622055738e+11, 3.30464540256e+12, -6734.75109285, 39.6554679142,
832033.708585, -4.28964804652e+12, -3.30068645248e+12, 3020.04099678, -3924.91475599,
24516.6461692, -54313694764.8, -9616325026.4, 9326.57501963, -46886.8056069,
758264.212981, -6.57415422758e+12, 59159544972.4, -40.4342237424, -4493.28714545,
975039.498019, 1.47986350849e+12, -9.75509513458e+11, 5149.20034082, 8274.98997779,
1214.74776288, 3.80110018613e+12, 4.77750547979e+12, -3648.93908127, 2903.18516213,
1533905904.26, -7.11394792512e+12, 7.36191969605e+11, -443.471639922, -4285.34170832,
11.4664979758, -3.08400232908e+11, 2.90436105916e+12, -6596.40210076, -168.867492171,
2962.02665306, 2.07733159751e+11, 2.64890774968e+12, -6543.70307439, 22.2886483658,
54392103.5685, -56576514031.0, -11337634825.4, 9378.63688327, -46623.5279064,
7.04593041734, -2.81629428903e+12, -6.08073606556e+11, 1432.54527878, -6634.83671042,
1706.22524432, 4863674101.35, -2.62076551473e+12, 7116.97250767, 13.2078336162,
20869359.3396, 4.22142674852e+12, -1.49072643381e+12, 1792.94809089, 5018.56164074,
1.06300107407, -59530524134.0, -16845429048.0, 9429.12638144, -46983.7806634,
132497.867228, -2.78931453905e+12, 1.92727012278e+12, -3556.97971743, -5147.97335552,
2.52884539744, 4.2668891286e+12, -2.48646754165e+12, 2610.35523112, 4479.48592567,
4725677.62335, 1.30414621249e+12, -6.2425576782e+11, 4404.44343191, 8056.19050221,
4131479.69609, 1.42363115963e+12, -7.1943228289e+11, 4664.98801243, 8458.68777933,
74043683.8684, 8.89423808432e+11, 3.25664143219e+12, -6049.13923025, 1652.08499736,
64978.3890774, -51866155567.8, -9793774802.14, 9356.02853949, -46894.5975563,
229908.434683, -1.71276249938e+12, -9.50948352337e+11, 3995.77231968, -7196.82511502,
643535.142417, 1.52903891449e+12, -8.30954471911e+11, 4957.93531725, 8395.04672347,
0.910849238949, -56655248144.7, -13438770939.8, 9477.75122835, -46951.2331473,
2852978103.46, -1.52095488446e+12, 1.92230557433e+12, -5771.05192377, -4566.13648169,
2744138843.69, -4.02717693889e+12, -2.1691464004e+12, 2554.61783067, -4742.8324863,
3.00097729311, 1.52286024541e+12, -4.62575016883e+11, 2654.33735264, 8738.44173316,
44.467367673, 1.3113957604e+12, -1.73319716415e+12, 6232.2458442, 4715.52858896,
1.33578580067, 1.35976740809e+12, -5.80910704138e+11, 4490.87246201, 8146.43574178,
81263173.5023, 9.27723786438e+11, 3.27320503812e+12, -6009.74194654, 1703.33984252,
2834359.76562, 1.24886599172e+11, -70916368502.5, 17757.3922099, 23852.7151402,
1967.11994754, 5.64013412129e+11, -4.63121607014e+12, 5295.01843004, 644.854691896,
2170852105.21, 4.92233004126e+12, -1.57505265082e+12, 1669.36684829, 5254.28816837,
12.9476427601, 1.22215378378e+11, -1.08412963286e+11, 18038.9348768, 23834.8457577,
2.12142804562, -4.16895246519e+11, 3.4086648148e+12, -6714.36100521, -111.318203604,
776132373.613, 1.11435572451e+12, 2.66600330117e+12, -6253.61580115, 2613.93245981,
76113.4397825, 1.15378178998e+11, 3.31437842434e+12, -6763.39694653, 12.8151932495,
59.5580818956, -2.01113624353e+12, 4.25033950737e+11, -1661.64861898, -7862.43488512,
326.474557833, -3.4703767629e+12, -4.59321003891e+12, 3831.34864909, -2894.75621836,
0.540787974605, 4.64287537691e+12, -2.5635054871e+11, 294.559297781, 5334.89051454,
354.939189792, -3.06004992034e+12, 7.73170085768e+11, -1588.67668958, -6287.65916695,
2538858.205, -1182918317.91, 710353786.687, -159680.686756, -265908.640062,
107.837780965, 1.66011389619e+12, 6.65392411215e+12, -4268.76614155, 1065.03138174,
3585216.59644, -1.98012460389e+12, -1.26382515309e+12, 4044.38518332, -6336.62543391,
1.48620911565, 3.27015300447e+12, -2.22011448646e+12, 3255.11638251, 4794.67553727,
27870050.3631, 1.2956660162e+12, -8.33426043304e+11, 5761.34704569, 8147.54352554,
1261.3437179, 4.8670507793e+12, -1.11035034235e+12, 1589.56256619, 5251.6597926,
87162.349402, 1.13882172833e+12, -1.00386826967e+12, 5198.0971318, 7794.40326138,
217245.93761, 2.51808365124e+12, 5.05358046224e+11, -1414.6293768, 7048.77488921,
331.278839201, 5.7371766351e+11, -4.01494921459e+11, 7894.24913644, 11280.5167081,
1921838.43744, -3960514862.12, 2.9798515762e+12, -6260.05512974, 148.893446536,
1520.02687946, -2.86015572266e+12, -5.08740874932e+12, 4157.21443882, -2337.19782574,
51624.9491004, -1.41157890966e+12, -2.4822769557e+11, 1666.79858562, -9478.46582833,
156030.254627, -7.5574668037e+11, 3.0614486984e+12, -6299.10794872, -1554.99255108,
14656.9264835, 4.17776439895e+12, -1.38732944124e+12, 1657.7859665, 4941.82472426,
84.3756296549, 1.4278824175e+11, 3.18540178217e+12, -6757.82662393, 64.8269977892,
573639.627152, 4.20259099808e+12, -1.5673224373e+12, 1781.91697239, 5064.17733901,
371895758.089, -92195020015.3, 22401506368.1, -7565.0657336, -34048.7740711,
227854521.457, 43180575209.9, -3.74047992829e+11, 18652.3999091, 2153.25672792,
447344.146905, -1.50788008117e+11, -7.66615599537e+11, 12123.3746993, -2128.91548848,
834472948.258, -1.95806303363e+11, 1.32069777622e+11, -13797.9631592, -19876.5325003,
4954.89569061, -4.09412424673e+12, 4.51446226177e+12, -3457.1291259, -3135.23856391,
249076.557198, 1.13018902648e+11, -80591911347.4, 17741.7927648, 23706.1549185,
78.9313887724, -85408021821.0, -8.75666502871e+11, 14080.4120558, -1422.61337284,
346.065946741, 1.33330640528e+12, -6.24933445323e+11, 4426.77786668, 8137.31275612,
32.8803425007, -1.91805202073e+11, 1.58293943289e+11, -13821.5640562, -19815.1312504,
731664572.025, -25191375342.6, -8.93226446671e+11, 13727.4615787, -533.05856678,
3823593693.33, -4.3139271154e+12, -4.96641972704e+12, 3391.36010805, -2945.80022074,
36143861.3383, -2.94645298095e+12, -5.74027937705e+12, 4035.2458135, -2071.26888346,
1953944989.9, -97237595730.8, 2.92951780391e+12, -6481.96285027, -201.143458197,
297.531157367, 1.7753938018e+11, 3.24547013469e+12, -6748.54321515, 47.5321596371,
2.52139248931, -3.72636365207e+12, 6.54631680954e+11, -1024.89475957, -5834.01428675,
194816365.736, 3.83236907978e+12, 5.55270541282e+12, -3650.6178147, 2519.58528231,
1171997993.43, -3.4096368491e+11, 2.86180022282e+12, -6589.79699716, -156.22814218,
89.2132081458, -97808159044.4, 29394081644.4, -7687.41029646, -34059.8328127,
172137004.339, 4.43942948712e+12, -1.73404363661e+12, 1763.87321402, 5196.23812235,
1603550.19582, 3.11920371646e+12, 2.31448610542e+12, -3483.60171857, 4694.80607457,
385611566.44, -1.02342638652e+11, 17914880918.1, -7382.48445127, -34088.3691969,
1.1908297483, -1.07826731162e+11, -9.03490534382e+11, 13768.1127912, -1540.00111683,
447.951441241, -85342339767.0, -9.48757650385e+11, 13670.2485754, -1213.41047274,
10096409.266, -1.09631000963e+11, 34647801222.4, -7731.70974038, -34259.3695908,
0.721409409295, 1.24399369118e+12, -9.25735237536e+11, 5370.40534838, 7855.56620491,
324.489877094, -2.22615252354e+11, 2.46732250141e+12, -6549.02252844, -75.2368215528,
98.8616090039, -6.38196080467e+11, 4.88752186762e+12, -5145.87611703, -671.931104843,
5067.95165387, -1.20856739588e+12, -1.15587799788e+12, 6157.99522546, -6438.70050914,
8.54732292881, 1.21560457476e+11, -88096611998.2, 17634.2176897, 24102.6652225,
2799319.75465, 3.92490228445e+12, -5.69562869132e+11, 830.846792142, 5725.43023648,
1862214.83523, 4.50549310072e+12, -1.42193998429e+12, 1686.5525742, 5339.92038265,
52019.1778607, -58625505876.4, -14775123368.4, 9441.77841843, -46992.6201964,
54.9155148875, -6.87289707753e+12, -1.76819393185e+12, 1077.59420115, -4188.56433247,
3363.47995837, -56287224117.1, -10196597004.5, 9253.04683544, -46904.5834343,
1987.57613388, 4.17588577353e+12, 1.09491623314e+12, -1406.40942511, 5363.88532049,
102444.347299, -6.0942579528e+12, 6.68928440819e+11, -507.70103357, -4625.39917976,
548375893.192, 1.51552481379e+12, -7.10265578812e+11, 4760.07100643, 8385.98620406,
2837.92040608, 1.2017955716e+11, -92078592556.2, 18298.3804468, 23920.5656522,
418312.240509, -4.56364003344e+11, 3.34855547096e+12, -6705.28417431, -120.574823535,
8.01532444235, 1.28350860767e+12, -7.14497499597e+11, 4158.32665672, 7961.58452856,
691961.424263, 5.12561397114e+12, -1.04575420736e+12, 1602.34083902, 5238.04769155,
3.55790288558, -58516506404.4, -14023722168.8, 9445.24112913, -47002.1324095,
16373689.725, 34235190921.6, -8.14331606432e+11, 12728.4469051, -17.9696444223,
63593234.5671, -2.77815530097e+12, 5.16611531571e+12, -4189.77290167, -2253.11265532,
69.7091409774, -1.33218441597e+11, -8.36127531302e+11, 13199.5875856, -2408.4760415,
20394527.2185, 4.90042542731e+12, -1.04877572739e+12, 1586.05509225, 5244.42082949,
11.6820498411, 5.24431014998e+11, 3.01172810259e+12, -6643.2676615, 63.4972294457,
225430.779307, -1.3868516703e+12, -8.48267341465e+11, 4714.99067376, -7708.64605025,
2737235576.87, -7.31849992096e+12, 4.0628483966e+11, -235.887924424, -4249.10207748,
60254.4973933, -5.59706262179e+11, -5.74869493444e+11, 9216.0289488, -8972.93937823,
95.0337480103, 3.28126490554e+12, 2.36823623992e+12, -3351.92825852, 4644.20076645,
281159350.532, 4.97988456336e+12, -8.56401402955e+11, 1579.88798792, 5226.85321413,
1342.09762308, -1.90153826301e+11, 1.21927964909e+11, -13717.9072967, -19832.8779175,
3945477.31876, -6.64865654015e+11, 3.36355803455e+12, -6104.17080151, -1206.59535839,
376726.406458, 1.23260767136e+11, -1.01352853404e+11, 18067.7265087, 23869.7031192,
3046.74285046, -1.15353794485e+11, -7.57565028926e+11, 11666.649076, -1949.55194617,
1.05337174993, -84568553070.1, 2.90725065722e+12, -6459.85889057, -160.048641209,
526127.92319, 4.35045160513e+12, -1.05051631159e+12, 1490.84231796, 5167.24974947,
437.998630718, -9.4967385665e+11, -1.46344815477e+12, 7317.30795674, -4748.41288015,
803003.616817, 3.71631182037e+12, -1.38658004842e+12, 1638.40221734, 5049.7746076,
0.33983314004, 17019225280.1, 3.0433806018e+12, -6884.18285707, 202.296624793,
7.56818690558, 1.28143031344e+12, -1.01606165259e+12, 5291.08520787, 7996.65988994,
4429461.55273, -80410393293.7, 2.94200920028e+11, -20124.3667512, -5500.35073003,
7317.73948606, -1.51044031075e+12, 1.74008060025e+12, -5731.93515924, -4975.4855734,
418.078664268, -56423711443.1, -12048351487.1, 9525.06202269, -46883.4460826,
26.4420781748, 3.97598184961e+12, -3.74506720936e+12, 3380.15745105, 3588.57236009,
39267735.8958, 2.00150346946e+12, -4.41693394324e+12, 4765.60678135, 2159.50218625,
269.24684498, 4.83469679116e+12, -1.9163280033e+12, 1705.78393803, 5221.19351586,
42047378.1903, 5.00042358013e+12, -1.20933230245e+12, 1612.6562543, 5252.13583512,
16820.8853219, -1.83409823253e+11, 1.37344825754e+11, -13848.1275864, -19775.268901,
291.872603763, 4.28785097261e+12, -1.44681262727e+12, 1892.60220352, 5028.19957066,
89.329974022, -1.23589323391e+12, 5.75350566271e+12, -4643.56178229, -997.469529782,
41.8617142588, -4.52077246027e+12, 2.58271928912e+12, -2504.76348324, -4384.31920272,
8969.54947709, 23507491360.4, -7.14819294209e+11, 12019.3435612, -443.747602968,
593.332906819, 2.38357206852e+12, 23750096908.8, -74.353447589, 7462.150641,
462.396107348, -1.07805575173e+11, 25053223946.6, -7782.98507648, -34477.7637603,
205554.890211, -1.07697710268e+11, 30164239403.9, -7781.00293491, -34267.1125501,
1.37526485131, -1.40992607211e+12, -1.98026539595e+12, 6019.76470083, -4286.00288477,
2.47645321122, -1.08402446024e+11, 22840035048.1, -7511.334632, -34534.757038,
0.946838003245, -1.71894086904e+11, 93050719244.6, -13753.0959295, -19796.3548165,
0.323704976206, -4.57081160593e+12, -5.34244908491e+12, 3301.65002575, -2824.77568182,
1.20457637667, -98900423698.9, 17331607189.3, -7449.32357091, -34063.1705569,
60059159.9024, -1.24445229873e+11, 3.22603517605e+12, -6781.56747292, -107.76837958,
5.61247656136, -4.25568532853e+12, 2.07415410237e+12, -2319.94085826, -4759.98300334,
59548971.9167, 3.05625991877e+12, 2.54586104053e+11, -546.144329916, 6556.36344175,
27.2201339297, -1.09223116294e+12, -8.60687071004e+11, 6047.21394149, -7674.04988221,
4740.1594857, -5.38641774954e+11, 2.85627275823e+12, -6613.6440186, -139.050219674,
75589.8028259, -58443945654.3, -8.37746871648e+11, 14605.0063422, -144.428331059,
413.382585641, 2.6010865025e+12, 2.7150499299e+12, -4290.58964561, 4110.49339906,
158381793.9, -9.36641040772e+11, -6.87764410388e+12, 4333.16203517, -590.117391529,
220352.701961, 5.37551857438e+12, 2.30765577216e+12, -1879.13280792, 4377.30507062,
192937.710167, 4.67998240785e+12, -1.74460330187e+12, 1719.32564983, 5235.27454608,
53789368.5658, -4.80260858679e+12, 2.4487986274e+12, -2254.10015252, -4420.76397253,
5.47578028005, -1.51813566942e+12, 2.11319239061e+12, -5800.86462518, -4167.39126079,
19775118.5001, -1.03174416643e+11, 34449273276.0, -7741.9792369, -34167.4951909,
51.7068063398, 3.62923612323e+12, -4.89853600478e+12, 3749.37241925, 2777.84174907,
0.0545440247797, -1.39008340087e+12, 3.59206546177e+12, -5474.98872233, -2118.75062519,
12806145.9779, 1.18935576305e+12, -8.14327479561e+11, 5054.10501028, 7424.78836116,
164250.653386, -1.87949018916e+12, 3.52965614273e+12, -5085.53998291, -2707.97554151,
8206.99268907, -2.73889321082e+12, 9.50898155517e+11, -2219.28155943, -6392.24627869,
227.322286039, -1.79414111718e+11, 1.50338925115e+11, -13824.9598458, -19792.843779,
1449.16984956, -3.50277454889e+11, 1.97693464946e+12, -8006.56148968, -1418.61946817,
0.827252466141, -1.81816477988e+12, -1.89940225387e+12, 5132.82223533, -4913.29132133,
497399.197715, -2.65564551273e+11, 3.01649275331e+12, -6647.6310463, -192.715587605,
1350415969.64, -51871157514.5, -42564407780.3, 28214.8634507, -34384.0711671,
24856213.7082, 4.94115763062e+12, -1.42694974849e+12, 1645.20095609, 5260.42230058,
113679.961105, 1.00928820328e+11, -3.38570237205e+11, 18576.1387808, 5537.60362655,
16.344806113, -2.74961479482e+12, 3.1700987828e+12, -4248.79205467, -3685.2294815,
127586.337333, -3.17703851459e+12, -1.39465783681e+11, 283.34618658, -6454.64230699,
339.423589866, 3.44024888451e+12, 6.3869979552e+11, -1124.30653893, 6055.88782638,
156219998.807, 5.24488881683e+11, 3.72596864874e+12, -5881.65906151, 827.936323258,
0.42718445531, -2.2442398669e+11, 1.46079353898e+11, -13796.0542898, -19838.6326179,
400129.254919, 1.10995446966e+11, -1.10725458607e+11, 18017.3530345, 23763.7830288,
22820449.0866, 1.25001020067e+12, -7.41288074649e+11, 4274.10000686, 7485.19630905,
1.71991176172, 4.81103412454e+12, -1.0502849106e+12, 1576.12495247, 5245.9877856,
652117711.187, 4.78458894951e+12, -2.07541905423e+12, 1711.41676416, 5205.08262504,
1491201390.2, -6.33005417534e+11, 1.43784707907e+12, -8413.00442733, -3703.78565132,
83982.6662162, -7.03761080386e+11, -3.05876883167e+12, 6337.75512833, -1458.18976254,
1423838.79954, -55670208829.0, -8540412106.47, 9296.01549347, -46925.5699769,
184.657990027, -1.15766067663e+12, 1.12490367558e+12, -6319.70351779, -6503.73219442,
1512502329.91, -2.28570231959e+12, -4.31509023768e+12, 4607.44378484, -2440.56192718,
2451.45955867, -2.45878129891e+12, -6.54591456452e+12, 4078.82556353, -1532.09149283,
42734159.5492, -5.43642568576e+12, -4.97471757376e+12, 2865.25856493, -3131.18584679,
1913232.82435, 2.00361976848e+12, 6.62726918082e+12, -4191.3533043, 1267.17024887,
0.818618608489, 5.12676456999e+12, -1.71850721041e+12, 1670.98182694, 5236.93987453,
135864521.023, -5.72996258512e+12, -1.11905771969e+12, 913.992825113, -4679.95939693,
3506531785.59, -1.03540277263e+11, 28469549596.0, -7802.12180795, -34112.2467894,
1247019016.45, -7.48463152953e+11, 7.83718333741e+11, -8003.96669326, -7643.91221879,
563263830.08, -2.34335073975e+12, -5.43500192533e+12, 4348.8565639, -1875.04924305,
774635817.632, 1.27675553182e+11, -94584715022.8, 17998.5851831, 23992.7260306,
312724812.7, -3.06244330533e+12, 4.28347951019e+11, -907.599476195, -6488.81810496,
703.923252659, 1.27026584912e+11, -1.06869097524e+11, 18028.7957623, 23873.1456922,
75486.9216363, -96816609660.8, -8.8138417167e+11, 13945.2156985, -1573.97003035,
863650.82528, -1.04810587015e+11, 25605456607.4, -7926.62387987, -34078.7890359,
3.24402204522, -76049787462.4, -8.22939770087e+11, 15745.7267451, -2558.49493136,
102.753686751, 1.3229322101e+12, -7.02805505442e+11, 4286.86139188, 8259.65482036,
45149298.9383, 3.82005818319e+12, -6.61707650125e+11, 998.71646547, 5765.62021897,
50.3765156452, -1.16684792025e+12, 4.58668790172e+12, -5132.56810226, -1305.71919084,
20.6733610812, -56188707730.0, -7350244573.15, 9302.47569666, -46946.2720896,
13223160.5645, -1.02322937527e+11, 21209280164.4, -7417.34968679, -33964.7372604,
2203463712.68, 1.29125653778e+12, -7.93984285387e+11, 6825.29891516, 8756.19578745,
18251.4260995, -1.74395094092e+11, 1.67838441002e+11, -13814.4316117, -19798.2341052,
426.504405805, 1.27199226143e+11, -1.01361888501e+11, 18036.3469746, 23908.2729269,
23558799.6225, -1.91397047214e+11, 1.23249755173e+11, -13721.7155978, -19846.8369492,
13387349.8226, 4.32497538194e+12, -1.37234307173e+12, 5394.58130869, 11856.5262918,
89.8956716258, 4.26006482308e+12, 2.81031725873e+12, -2808.40426205, 4257.16497615,
36.7473125582, -58544343335.9, -17512194394.7, 9431.93517235, -46973.1574601,
1290631812.95, 1.45428644786e+11, -78876153336.8, 17847.8252375, 23924.1076473,
168.48870935, 4.08516151629e+12, -1.45365876397e+12, 1688.73683159, 5000.1082222,
361.365295713, 1.20039009687e+12, -9.79105526985e+11, 5270.41674832, 7833.74725356,
106119.650434, 1.11950192388e+11, -61938133242.3, 17781.3316316, 23783.4780907,
120804610.771, -26157928075.8, 31729667217.5, -43839.5990947, -36141.3522597,
13208584.3959, -1.37842965104e+12, 2.00461417744e+12, -6086.67345781, -4185.36956632,
6160.1867655, 5.04133779683e+11, 3.21582383129e+12, -6680.12114002, 54.5283839625,
1934842053.85, 1.60950597371e+12, -4.14688051359e+12, 5092.66314895, 1976.58739708,
9581.7089502, 3.86060016155e+12, -1.2949505339e+12, 1616.11176382, 5036.83922911,
36468138.8635, 1.04602713041e+12, -3.87553848915e+12, 5551.88685682, 1498.4818996,
120.079832964, -1.68222390982e+11, 1.31179317291e+11, -13785.8134151, -19761.2071063,
4167.21394206, -62582130464.0, -8.12896162461e+11, 12753.4573534, 2715.22437173,
351891760.35, 6.93855788673e+11, -4.70467322849e+11, 7061.99756271, 10415.1928317,
13032677.4046, -2.16154099913e+11, -1.54269978459e+12, 9141.91537576, -1280.9118853,
919445.980561, -1.36121373044e+11, -8.04658049377e+11, 12539.2297187, -2494.96863088,
59.6114331964, 4.20941125049e+11, 2.88054446186e+12, -6611.15609417, 68.2320621642,
64.3668022103, -62815762917.5, -11247376844.1, 9374.75779074, -47017.4070295,
5543179.06994, 1.34556476062e+12, -2.58135725891e+12, 5988.17097066, 3121.40902266,
4745.62107037, -1.59116839717e+11, 1.49339280112e+11, -13803.3927371, -19779.4047208,
1.34514794174, -5.04935790052e+12, 3.54157661607e+12, -2664.01826653, -3798.19022414,
1188.44244267, -2.31772900465e+12, 8.67472829039e+11, -2567.26053019, -6859.25137263,
41312805.7289, 1.3243747338e+11, -98828349194.5, 17985.7995417, 23945.3054185,
242.648362334, -55391176963.8, -8717398463.32, 9299.37909004, -46916.735511,
94.412849645, 1.38095098457e+11, -81077500707.3, 17834.599883, 23940.4669121,
38604176.7527, -2.08345227148e+11, 1.57419108856e+11, -13811.0924427, -19830.3960389,
58.3698978708, 4.93235189769e+12, -1.07062605265e+12, 1591.26228861, 5245.63657616,
1.57143756945, -3.79614883337e+12, 1.84188756868e+12, -2448.4898277, -5046.36219984,
152508908.455, 1621567622.69, 1.11273987621e+12, -10922.2716848, 15.9167497353,
0.459995012588, 5.89952017872e+11, -1.42351622883e+12, 8574.36098418, 3553.49764345,
3505716.59285, 1.09019750291e+12, -2.24704415825e+12, 6559.21324668, 3182.33083063,
2897667.54629, -1.45089948659e+12, 2.03284826476e+11, -1320.77030357, -9426.69941762,
181.45006695, -1.64421328509e+12, -5.21015379512e+12, 4700.69604409, -1483.43929734,
20199.9285622, 1.74450054683e+12, 9.15191101348e+11, -3813.52465687, 7269.18764777,
55111258.233, 1.30093827724e+12, -7.91428475462e+11, 5546.36472282, 9514.66639489,
19888152.1353, -47336516637.6, -8.73898850444e+11, 14006.9934668, -607.873179468,
23.5795165806, -56512890447.2, -11306447371.8, 9343.33918499, -46669.5893356,
0.7731604488, -55820373683.9, -11000409173.0, 9326.69457722, -46817.7925339,
378665.438189, -57691073395.8, -8.22562628149e+11, 14324.6196404, 1121.32551966,
2033530190.49, -2.89856956789e+12, -6.06161500614e+12, 4009.98225048, -1917.51084608,
0.981532769308, -6.38828314592e+12, -9.01507348302e+11, 633.841530611, -4491.54316359,
526.72595186, -3.93227103491e+11, 3.91678193747e+11, -10914.0320366, -10957.1920869,
188282596.684, -94806997831.7, 23895684008.8, -7584.60312449, -34030.6080963,
140.9420356, 6.43256237119e+12, -1.98035750699e+12, 1306.72072908, 4244.46725495,
9.57044004886, 3.35487112843e+12, -6.00354159295e+12, 3835.20155683, 2143.16945681,
5.55810818974, 6.40270698655e+11, -8.10577853736e+11, 8895.84268548, 7026.7740293,
16925827.7886, 4.69731528946e+12, -2.00739586269e+12, 1719.03471565, 5204.46186987,
1189.81655727, 2.15084368062e+12, -2.90697749138e+12, 4870.57090046, 3603.68687868,
2084.57177081, -2.16928724351e+12, -2.66008815244e+11, 948.570380066, -7735.53922701,
5934584.8004, -2.73454595912e+12, 1.66845498326e+12, -3352.87504565, -5495.25818765,
291163783.267, 8.19319558788e+11, -2.2568477323e+12, 6989.29314917, 2537.37303463,
7738868408.65, 3.36305187794e+11, 3.03564654241e+11, -11469.5154391, 12706.5436959,
75754201.2801, -58393930374.7, -15045994167.6, 9443.25498265, -46986.5380625,
589806086.788, 1.429509979e+12, -7.16748335509e+11, 4670.05092366, 8449.58800022,
34.8074061282, 1.00960813267e+11, -1.07882463949e+11, 17980.661854, 23725.3035978,
1527951579.43, -97658707083.6, 14945898053.2, -7454.57437825, -34089.1336861,
44.6011500257, 3.18566719627e+12, 3.50830464419e+12, -3918.30891495, 3557.96586703,
878231539.385, 1.10494324063e+12, 1.25104919792e+12, -6684.15144407, 5903.53118787,
5829254.58568, 6.00928350826e+11, -4.51279570975e+12, 5352.57339888, 712.75398049,
1941.1789613, -5.53687351222e+12, -8.40529627645e+11, 730.710857443, -4813.4574423,
48083.045701, 1.12548158785e+11, -85959511669.3, 17786.6790905, 23619.9943862,
7854.5517097, -1.02209251932e+11, 24250376356.5, -7651.2923672, -33908.41342,
914742166.842, -57059848473.7, -13923153941.9, 9467.08782575, -46967.1099368,
45820476.4807, 1.25206782534e+12, -6.05729397955e+11, 4254.50263753, 8794.23366816,
1148.79434158, -96326077034.6, 29321264318.2, -7669.04693128, -34059.0712253,
1.00022521992, -1.93953115679e+12, -8.42998571254e+11, 3158.12877624, -7266.07300126,
5000277.15534, 4.16352618735e+12, -1.1918959053e+12, 1510.64537102, 5043.67319228,
27.4905117411, 1.21078605721e+12, -5.95155497147e+12, 4581.26967091, 932.014821074,
2742.03485057, -2.27474723715e+11, -39912157249.1, 4143.23719574, -23613.9011606,
0.23726545133, 1.4078582071e+11, -1.0086511809e+11, 17954.0123397, 23929.1528582,
0.679360847988, -1.80396900276e+11, 1.27098481859e+11, -13751.4424343, -19739.5834016,
198.774049716, 3.99586950346e+12, 2.73835967093e+12, -2959.22112705, 4318.15498201,
54507.9415701, 8.18556146889e+11, 2.33584473422e+12, -6911.31729028, 2421.95089775,
35.2904317376, 4.79872243468e+12, -1.18001849933e+12, 1592.44172083, 5262.85609122,
214021.889545, 1.76855191025e+12, 2.73935789278e+12, -5360.46429402, 3460.75968826,
1476.85144751, -1.41987114361e+12, 5.55597676033e+12, -4661.47545645, -1191.274689,
0.885696269151, -1.02700391548e+11, 11936776036.5, -7415.78483856, -34163.1056714,
972.740939857, 92948770173.7, 3.56136939702e+12, -6102.11217341, 159.260037011,
1563471186.16, 4.36066335546e+12, -1.51231858957e+12, 1846.62275407, 5209.57044726,
291694.620287, -58971454831.2, -8.14055746904e+11, 13038.6426777, 2077.14011217,
1.25216222233, 1.17026200389e+11, -96553810467.8, 18114.6253141, 23729.7547519,
4378730.43568, 4.2718267317e+12, -9.16757791447e+11, 1514.64164114, 5141.5956305,
19480378.8782, 5.89806574225e+12, -4.36845798638e+12, 2531.190129, 3417.48182849,
1680359.45753, -2.58597964869e+12, -44900238256.7, 124.372196182, -7163.07932155,
741.270950086, 1.38589431374e+12, 7.75408274733e+11, -4464.13319366, 7978.78615755,
5169605.47019, -1.14354530729e+12, 6.68951647233e+12, -4359.44473654, -745.229134496,
3622703.29934, -1.14213869042e+11, 33862369051.4, -7696.06336145, -34302.1417708,
293306197.807, -5.36527722793e+12, 4.81269982376e+12, -2865.63512787, -3194.65735619,
703.400170892, -1.43446369017e+12, -1.31738567111e+12, 5584.3147335, -6080.60106875,
3321624591.88, 1.27600904836e+11, 2.93575982347e+12, -6558.42498356, 128.993345777,
70084.2555385, -1.75181940422e+11, 2.43588827223e+12, -6547.37021003, -65.9912838595,
3.39455746826, -1.02403146167e+11, 12304634830.0, -7415.30243928, -34157.3068835,
127295.35894, -1.04427836874e+11, 29103859010.1, -7807.71912059, -34156.3197079,
1.04367741447, -56152872234.5, -14923629963.8, 9452.2852633, -46943.7462147,
182814.767903, -57240979805.1, -12493677478.8, 9498.87347014, -47006.6683429,
825183934.387, 5.71525654321e+11, -9.75831338308e+11, 9348.90559395, 5475.47427204,
420879871.518, 1.74565014806e+12, -2.0223600412e+12, 5336.06965876, 4605.96065989,
1202.94806572, -6.77057671567e+12, -1.3964990911e+12, 885.201447063, -4291.67791398,
16058.4657479, -5.82677523796e+12, 4.35120082949e+12, -2556.37644844, -3423.2919997,
107418.759262, 4.46928908314e+12, -3.65222552155e+12, 3034.62390961, 3713.51972397,
500877101.956, -2.8260875186e+12, -2.57379635219e+12, 3967.98751467, -4356.94144164,
1527055.55771, -2.04459161756e+11, 1.69916686711e+11, -13812.128499, -19821.3179445,
1216.02035761, 3.10666742072e+12, -1.55861339166e+12, 2771.28345702, 5523.79190091,
1813054.22528, 7.3291332996e+12, -1.49456733441e+12, 841.736846966, 4127.75082967,
33647.6117656, -6.0624522597e+12, 3.04174243896e+12, -1983.925869, -3954.13356291,
37.3005130265, 2.06548271441e+12, -4.35101547679e+12, 4742.63244141, 2251.38829792,
150.888258146, -2.35889965299e+12, 3.77288835186e+12, -4631.27379577, -2895.5826759,
1.14128239288, -3.78671866722e+12, 6.49006496859e+11, -992.967168863, -5793.60504473,
2395725.98679, -2.26836779167e+12, 1.06893588589e+12, -3101.49954975, -6581.63111316,
320795905.257, -3.23420881617e+12, -3.99113879543e+12, 3949.44868947, -3200.42534855,
41276.5133001, -73548962508.5, -9.20468721684e+11, 13797.0484468, -1137.38185056,
385.456645788, -1.05741393986e+12, 2.36932352173e+12, -6531.84055636, -2915.11868003,
8.62670136151, -73287039170.3, -1.31767509273e+12, 10013.8317669, -556.953747546,
246524.917241, -2.55547374928e+12, -5.37831065665e+12, 4264.64517346, -2026.32192272,
433.249099831, 1.04372309525e+12, 1.23819264584e+12, -6922.5277846, 5835.28108535,
4.09733536512, 1.22335031158e+12, -7.36026589836e+11, 4470.13573566, 7468.0587017,
5496.29859708, 4.16705484036e+12, -1.64034224079e+12, 1763.6626881, 5080.50522235,
2094739226.3, -63522908420.8, -8210576218.77, 9352.76905875, -47006.4164235,
42.0041549845, 1.19572358322e+11, -89840395368.6, 15565.7105997, 21583.6670886,
161.386967845, 1.26513460492e+11, -1.0689320244e+11, 18030.9350655, 23869.8834091,
18364.2486468, -81639425366.3, -8.18500437188e+11, 14280.0252875, -3980.24623823,
0.843986412468, -6.54856765324e+12, 1.41985136028e+12, -943.12808489, -4349.84833084,
356.886021779, 4.82310435262e+12, -2.17135744107e+12, 2056.55087782, 4568.09150929,
1.29512616471, 8.2491185178e+11, -5.40552329227e+12, 4870.71909776, 743.297862795,
12.8134665205, -5.57254599746e+12, -1.02119571282e+12, 872.529622163, -4761.29246588,
4505690841.4, -1.05759729001e+11, 8919679526.39, -7426.70770522, -34205.4493481,
1817635344.48, 1.13299584791e+11, -98543793338.7, 18050.5035261, 23701.1820315,
7631.54102513, 1.46923926139e+12, 3.01311606759e+12, -5656.17887096, 2758.03516368,
1.18934386075, 77643114743.6, -6.59335284e+11, 14043.3746801, 1653.74336568,
1485.40631529, 4.19124534829e+12, -1.97299170294e+12, 1738.79686084, 5132.83144835,
4821.69460796, -1.89381974936e+11, 1.12551385533e+11, -13734.6591095, -19815.0189105,
2392.05218973, 5.37359575185e+12, -9.54018425595e+11, 862.107828677, 4855.90093601,
803569.114542, -1.07958286001e+11, 26538295083.6, -7806.57184585, -34376.1537833,
2090.1925787, -57711321283.8, -10386977801.1, 9284.16558482, -47047.334035,
1725.11560143, -58103853963.1, -9838732071.96, 9297.19891623, -47026.6759691,
264.603753459, 5.72155672738e+11, -1.54485912612e+11, 3901.28355643, 14448.8353665,
22.9621855505, 25464339800.5, 3.01755402768e+12, -6716.9395728, 313.406500132,
14.2534086808, -4.90023876522e+12, 1.18647181697e+12, -1207.49558277, -4987.06886998,
766.583968067, 1.08957935308e+11, -87688615622.1, 17856.0471699, 23626.8024559,
41.795024601, 98978315420.9, -94425661754.2, 17924.1323589, 23680.3222172,
51684840.7839, -2.06056609718e+11, 1.53401330449e+11, -13812.6090584, -19832.646138,
108932333.517, -4.82284389003e+11, 3.86902630244e+11, -9168.87120232, -11429.2411061,
277.403596332, 1.34975354996e+12, -3.64998691643e+11, 2543.50122363, 9405.78660837,
762575670.206, 1.28497104815e+12, -7.95312323558e+11, 6734.00307714, 7400.69601639,
0.245247930987, -36413199486.9, -7.69111347565e+11, 11534.6250735, -175.493204797,
218530.927606, 19124638554.9, -8.45274581342e+11, 13101.1321494, -32.8042530122,
111.116250022, -1.94664416484e+12, 4.2919601666e+12, -4833.36606363, -2192.20204267,
48637028.5991, -5.40189940855e+12, 2.74344756856e+12, -2119.55795111, -4173.44912063,
35.4542362812, 1.30665587459e+12, 2.88400998163e+12, -5897.91368388, 2672.16258334,
9.42351076754, 28435513701.9, 2.97677878115e+12, -6462.05494595, 225.577187577,
2756470630.47, -1.11820549859e+11, 16480190543.7, -7437.57302019, -34328.838095,
2266.87716471, 1.54223457581e+12, -7.81109767405e+11, 4878.34649278, 8394.65255212,
231729.979849, -1.37160874501e+12, -2.54583624538e+12, 5964.65388734, -3213.54975115,
0.926094157851, 1.37840988015e+12, -5.20265804457e+11, 4537.29526813, 8126.82633191,
8086069.59566, -14390062096.8, -9.30565041808e+11, 13599.1341352, -686.085518023,
4597092.98671, 3.75888524488e+12, -6.19022224987e+11, 959.206585808, 5824.58486407,
9.17962603159, -1.45742596642e+11, 1.15014166473e+11, -13772.585804, -19779.4651393,
314.175178414, -1.15425939636e+12, -6.31347643938e+11, 4820.2806597, -8812.6633527,
2657724.01325, -1.68475098962e+11, 1.6110190933e+11, -16492.4560897, -17247.2702738,
1767941442.21, -2.21148682406e+11, 1.31631136883e+11, -13784.8241193, -19844.1557073,
7762441.82667, 3.56468151883e+12, -9.9357242739e+11, 1595.90804312, 5075.41442161,
1130.87245722, 86051920349.4, -5.12271243032e+12, 5089.42368272, 85.4927320881,
33093.5841637, 6.44475333749e+12, -4.57434441254e+11, 320.917270856, 4521.37501221,
4435281.09644, 6.41914593043e+12, -9.81969027441e+11, 683.687936799, 4469.27806738,
206.137248312, -8.87555828293e+11, 5.98578830772e+11, -6226.27951868, -9232.15187589,
703939.324783, 3.53602786528e+12, 4.67557490848e+12, -3795.44802801, 2870.40850611,
3584.7595566, -4.1896656011e+12, 1.89431413812e+12, -2213.64102873, -4895.92274303,
37790407.3186, 3.41482286124e+11, 2.75799653828e+12, -6576.91234291, 54.5175973347,
102.040609724, -6.66387847616e+11, 4.70824498052e+12, -5231.43033893, -740.43759786,
2450.00488619, 1.30198276741e+11, -96580079379.8, 17989.8414196, 23965.0509441,
183471469.898, -3.26227742245e+11, 3.41048454162e+12, -6727.51126485, -104.899896367,
137.033388122, -9.94359504815e+11, 5.67232126288e+11, -5335.71679996, -9353.52648264,
4544.21309243, -53364047956.4, -8.17473136662e+11, 13375.3196779, 1420.8824253,
540461369.278, -2.30990824387e+11, 1.95156128432e+11, -13521.6905755, -16004.5522436,
964.867944808, 1.32176763536e+12, -1.03690330955e+12, 5268.97304093, 8059.82756069,
3.31734096599, 2.81055902553e+12, 5.3589189046e+12, -4147.85293247, 2175.39875177,
207485147.683, 4.73541294516e+12, -2.1516696952e+12, 1713.8555493, 5196.77376138,
73562431.1246, -51481768091.0, -8006041520.78, 9344.03407605, -46906.7856353,
0.693085306685, -1.91927710951e+12, -1.15256089169e+12, 3964.28341273, -6601.43725551,
106.029599608, -2.25792362933e+11, 1.16586882882e+11, -13772.6057708, -19839.2210281,
1427748248.19, 3.65240462453e+11, 28313062772.6, -1471.21978781, 18978.8367294,
2.05672252913, 1.03652255427e+11, -1.05669444074e+11, 17988.2701274, 23719.8167767,
19056831.1961, 4.00361909476e+12, -6.7774287899e+11, 1550.12957453, 5116.03933325,
31.6935449797, -1.7462327148e+11, 3.34597782966e+12, -6755.8278673, -92.3471730576,
5041.87791682, -1.79239301364e+11, -8.86163471033e+11, 13266.0320839, -1928.88199602,
8.32498522613, 3.78346844226e+11, -1.16643947958e+12, 9896.82451189, 3210.13853481,
314.615957192, 1.27609814956e+12, -5.01638043629e+11, 4520.59217992, 7992.99741131,
177975.391983, -3.51777926189e+12, -5.27150854746e+12, 3806.89719959, -2540.41587912,
2.39738806138, 2.01866925347e+12, -3.66024636743e+12, 4934.64423219, 2721.51478025,
27290347.3797, 2.76557147088e+12, -5.41029864036e+11, 1317.71435866, 6735.73397574,
31.744522835, 1.11797640974e+11, -86247879568.0, 17803.8657501, 23619.1901616,
3.90958572947, 4.16813002146e+12, -9.65356416941e+11, 1519.07545995, 5110.71344177,
34950.5343562, 3.96583082011e+11, -2.58482836349e+12, 7042.32475925, 1080.48445189,
645482.443456, 5.72924584028e+11, -2.187920854e+12, 7411.2689493, 1940.7000816,
546092945.006, 4.16129607374e+12, -1.36687493944e+12, 1717.99727007, 5230.24827535,
589058691.816, -1.08650846507e+11, 22552723781.8, -7491.50756497, -34512.7971713,
10411896.2603, -1.37684146143e+12, 4.008687467e+11, -2689.57630289, -9237.73728432,
21397922.812, 1.27721794185e+11, -80676221444.8, 17759.4122373, 23933.8291612,
19693147.9612, -3.19575649962e+12, 3.14420325043e+12, -3816.29830508, -3878.8714156,
2347961.46024, 4.70853651232e+12, -1.52538874776e+12, 1683.59358202, 5275.19967349,
625838932.549, -1.70470128122e+11, -9.47573215028e+11, 11556.5780917, -2079.04921403,
