# mass, x, y, vx, vy,
1.989e+30, 0.0, -0.0, 0, 0,
3.3011e+23, 43723813893.1, 37948416062.8, -31386.3161079, 36163.0230369,
4.8675e+24, 63950446043.0, 87230150220.8, -28253.5359797, 20713.3224421,
5.972e+24, -1.00117921008e+11, 1.11160073286e+11, -22134.1362429, -19935.4285981,
6.4171e+23, 2.04449226557e+11, -1.00788102625e+11, 10670.437321, 21645.0414335,
1.8986e+27, -3.92425286246e+11, 7.1534972578e+11, -11188.3487717, -6137.6845634,
5.6836e+26, 1.27226127465e+12, -8.11188417013e+11, 5043.34222209, 7909.93666748,
8.681e+25, -2.89113604703e+12, 8.31949434474e+11, -1836.96721171, -6383.70783477,
1.0243e+26, 1.00307990727e+12, -4.42510328321e+12, 5275.20183765, 1195.77976637,
15.9050447587, 1.33628596322e+12, -5.08382307095e+12, 5361.07294364, 1239.21670736,
937983657.617, -1.055102323e+12, -5.52858308985e+12, 4770.36012179, -910.399276681,
2329527431.73, 2.11718429393e+11, -62185640440.6, 10637.9880547, 21651.1519323,
41734891.8976, 6.73022993817e+12, -3.01783450102e+12, 1735.74874002, 3870.98369088,
1220.54998567, -89633679615.7, 1.02438855782e+11, -22024.8080246, -19803.9993072,
9321949.95005, -1.96743910992e+12, 1.74524077358e+12, -4714.57431907, -5314.81847223,
3.37338256514, 3.99542564138e+12, 4.26178933719e+12, -3477.64952686, 3260.29491183,
34.0629044427, -3.13955478617e+11, 2.17960072594e+12, -7684.8080812, -1106.94017051,
159.233480018, -3.20760781272e+12, 8.07591747358e+11, -1826.59938449, -6518.41375209,
41217557.6402, -2.51431245315e+12, -9.95451306717e+11, 2579.12637566, -6514.36139651,
16038781.6828, 45107997868.9, 39797436400.4, -31464.5010267, 36221.5525779,
38.7607516034, 5.11725319739e+11, -3.89896147797e+12, 5203.98180508, 1129.26862929,
2.21452303362, -79763238497.6, 1.1171432811e+11, -22137.9444852, -19795.5731421,
2007547.74977, -1.21346101098e+11, 1.12755719795e+11, -22144.3924174, -20071.8748084,
196.298391831, -5.76717554388e+11, 2.97268872171e+12, -6499.8202815, -1260.99999281,
20.2144427993, -2.80672283917e+12, 4.2926833008e+11, -1720.82516043, -6359.36121655,
27055.4853213, -2.9143422593e+12, 9.59946833423e+11, -2044.62250387, -6421.35619973,
82.3065316856, 46711502720.3, 44535154243.1, -31436.5787782, 36185.8217597,
127.947217391, -3.76087560438e+12, -1.24063143329e+12, 1813.73616499, -5498.19705727,
3142.06351837, 3.79043674082e+12, -9.24309948265e+11, 1381.90909995, 5666.9724639,
33.2800101741, -2.2603174768e+12, 5.76296552587e+11, -1863.75285641, -7309.90517793,
197622.627017, -2.44883581101e+12, 2.31902127405e+12, -4313.81491531, -4555.29432389,
7742242.21192, 2.18688859e+11, -1.01079477169e+11, 10671.5591576, 21699.8661965,
6330536.10969, 43804267077.6, 37739744407.9, -31093.4625912, 36275.9324687,
55657847.241, 2.00406869186e+11, -1.0558362411e+11, 10733.6190917, 21591.7827217,
34.9119874571, -2.05237452667e+11, 5.07507874766e+12, -5108.0700779, -206.571630305,
36485.9626628, 1.2407188853e+12, 4.43155687946e+12, -5171.92104644, 1448.00129845,
11.4450828873, 31424482787.3, 1.37241202217e+12, -9830.99578947, 225.102923158,
0.421568055583, 1.13471649615e+12, -9.12039544171e+11, 5322.2003064, 7529.61892075,
146565934.626, -2.93301273457e+12, 1.07446583127e+12, -1988.1622071, -6409.81553579,
994623.284318, 61425556131.9, 89596093498.0, -28463.0459971, 20489.7373146,
5561.62342993, 42810438491.8, 37461570596.0, -31317.6901511, 36034.273228,
1887587.42759, 2.17745613963e+12, 6.39747408025e+12, -4195.68595053, 1428.05144942,
8147.08702152, 3.04709207856e+11, -9.93724146052e+11, 10804.567478, 3313.04337379,
157.814546234, 2.41538175313e+11, -99290831052.1, 10669.067178, 21678.9812775,
404.826725992, 8.20636316336e+11, -4.84861614795e+12, 5387.02353403, 1147.60849808,
0.808382474899, 52724255946.3, 79230038136.7, -28164.4463805, 20588.3070966,
1.00825905614, -1.04929575897e+11, 1.35430054013e+11, -22258.6338368, -19960.1109191,
663087528.973, -94939896223.9, 96553375792.1, -21982.9823674, -19881.8450612,
33405.9092007, -2.81672026315e+12, 8.91420932636e+11, -1990.93057494, -6191.05581293,
202301.611818, -1.32176106004e+12, 2.26873337251e+12, -6143.71247049, -3579.31875378,
39511.4133053, -2.8795761534e+11, 7.24814635588e+11, -11287.5211327, -5043.08294782,
367.301055048, -1.1539838949e+12, -4.81297477146e+12, 5036.13441518, -1207.48981319,
60554409.1969, 59013052376.2, 89391485890.1, -28351.9863501, 20488.4206638,
277947.846977, -4.47055649571e+11, 5.94691953406e+11, -10297.3206125, -6541.11644445,
13433699.6366, 1.00031248564e+12, -4.185921854e+12, 5106.15799492, 1193.82386374,
10889.7238423, -4.6794981762e+12, -4.5749809568e+12, 3148.49325431, -3220.42180731,
1742287202.61, 1.05878168064e+12, -6.1767822088e+11, 5243.8729222, 8988.68763365,
343007151.888, 18230321393.0, 2.01079058441e+11, -25536.4600122, 2315.19819553,
3.00178563165, -1.02509078474e+12, 2.37450886981e+12, -6577.46207339, -2839.53277418,
3.99509852092, -2.90198974229e+12, 8.26730873589e+11, -1536.41377577, -7008.80649249,
872635.672304, 44891817988.7, 40671337430.5, -31465.5646045, 36197.0168825,
10248478.431, 2.3632023676e+12, 4.18477563323e+12, -4576.30506223, 2584.30460932,
299424.568963, -2.99298304716e+12, 4.77051817427e+11, -1716.56093636, -6418.26151266,
101678936.133, -1.0014891828e+11, 1.09444526931e+11, -21652.2489754, -19944.1355563,
87.7447229115, -2.95516067793e+12, -2.3332156526e+12, 3679.42629961, -4660.21900112,
162158315.404, 1.00096728411e+12, 2.27668944817e+12, -6688.00094328, 2940.44062341,
4.59114311284, 5.32596964649e+12, 21279921656.0, -19.9469861984, 4992.36062748,
2487697303.67, 1.48681846134e+12, -9.11981715423e+11, 5213.42824031, 8271.99623037,
6.57498616385, 2.85605067749e+12, -2.49766814791e+12, 3893.839684, 4452.55446638,
410364527.061, -3.01596110564e+12, 9.47857763398e+11, -1962.45864024, -6518.85321273,
241511334.416, 9.0665246195e+11, 4.57169042232e+11, -5147.97332511, 10209.4023394,
3.75005831257, -3.17693603713e+12, -2.59241356675e+11, 524.85624915, -6431.97811348,
15.2757443874, -7.30321159767e+12, 1.32549438269e+12, -755.198521927, -4160.99432477,
16.9995384889, -2.76346142508e+12, 2.61994869585e+11, -1739.77977582, -6361.93703074,
12470.2623138, 67744896909.8, 95017194371.3, -28427.6231779, 20798.1512047,
46785743.5546, 1.41328343081e+12, -8.95251479542e+11, 5289.46085415, 8322.81931916,
137222.535339, -92888521438.6, 99217523626.8, -21989.5889226, -19847.9271545,
2205683366.51, 2.60641312055e+12, -3.0569734645e+12, 4374.26680272, 3729.55359927,
436225.16601, -4.00036788101e+11, 8.18562369419e+11, -12291.86004, -6219.06391548,
0.0503874128323, 1.78008533237e+11, -1.2604598995e+11, 10694.0771125, 21620.2946101,
1500.2778912, 68413779184.7, 84475459150.0, -28122.8271282, 20925.1055909,
34.9292563041, -3.75594629553e+12, -1.7095588023e+12, 2349.57239766, -5162.07323855,
4046.25908629, -4.07575888339e+11, 6.8190180568e+11, -9496.20186453, -6904.16105571,
20191.6068846, 2.09495930671e+11, -88045207153.8, 10618.4651125, 21665.6245387,
367634.375679, -2.39926548381e+12, -3.57777693557e+12, 4610.45282182, -3091.78032038,
53971.0014769, 4.86460612581e+12, -5.30551016422e+12, 3165.26191822, 2902.21902146,
7726125.67087, -1.00910824196e+12, 5.30331727437e+12, -4871.38122107, -926.92001734,
2603.82164917, -4.04079558365e+12, -2.0787038991e+12, 2472.45412574, -4806.20723152,
32406831.9734, 5.75731573223e+12, 1.62226746599e+12, -1277.66481671, 4534.34461579,
13.551211486, 63900953004.0, 87996756018.8, -28902.4769555, 20671.4259927,
23295092.8902, -7.05214300889e+12, 9.11727041347e+11, -553.980493539, -4284.99922389,
585.847478412, 1.12369445756e+12, -4.23941550192e+11, 3711.06577594, 9836.50704247,
1517248560.78, -93822384728.0, 1.26724435259e+11, -22276.9705384, -19877.6544027,
931851877.543, -3.06747222642e+12, 1.38232492172e+12, -1932.31700944, -6414.25719503,
220299850.414, -8.27244923429e+11, 5.84982236636e+12, -4693.42322043, -663.714261638,
1043.26036156, 8.27367064491e+11, -4.87993027009e+12, 5385.65360492, 1153.10904854,
1618898.07528, 62473741474.7, 79095986638.3, -28058.4942146, 20677.9138764,
10543.2217718, 1.88633475011e+11, -1.02579481059e+11, 10676.2753061, 21593.4989345,
1.70537894146, -74127827901.1, 1.20079914284e+11, -22173.2319413, -19821.5139172,
11520.0614689, 3.88718374549e+12, -2.34762850774e+12, 2795.10917845, 4628.11851598,
811714.409107, -3.95601319788e+12, 3.57592808922e+12, -3345.66902381, -3701.27991494,
0.953916778255, 59185504283.7, 95381661289.1, -28413.6711061, 20619.7159261,
64915.2520372, 4.75529136292e+11, 4.5022629516e+11, -9788.72675165, 10338.8558768,
3347949.51705, -1.08594750184e+11, 1.1232637632e+11, -22163.5537538, -20149.2385662,
24.8395151995, -4.55184572708e+11, 6.93350430829e+11, -10731.7305791, -7440.31867129,
10517090.8345, 4.84040988599e+11, 79967461019.4, -2681.20255214, 16229.2502154,
395507352.242, 5.33010705225e+12, -2.65283238279e+12, 2103.92636321, 4227.23758149,
18071.4855641, 6.44122375507e+11, -3.99493468507e+12, 5190.38998684, 1125.00785795,
177.635253569, 3.12268600016e+12, -3.04889662351e+12, 3852.86957534, 3946.11670024,
4135642.05302, -4.16057718184e+12, 1.20179435198e+12, -1536.41256124, -5319.01571485,
161.626006486, -3.096118926e+12, -4.65157222512e+12, 4057.4529344, -2700.66898107,
88698101.3812, 1.0955558543e+12, -7.54734495103e+11, 5666.94839465, 8226.0166059,
0.196867502284, -2.29058403023e+12, 2.39591219586e+12, -4574.2194311, -4373.12936498,
9306540.74391, 1.14789243675e+12, -6.44949131343e+11, 4701.08148721, 7653.88064749,
11.5289146143, -2.89499080784e+12, 8.32534358775e+11, -2019.84742696, -7588.92274273,
1727.6675848, -3.31915939914e+12, 3.63078581954e+12, -3834.04619349, -3504.97415501,
6617592.27678, -1.21614378555e+12, 2.94625328015e+12, -5965.25584389, -2462.31675756,
48461.8971252, 2.74542565565e+12, -4.3053896189e+12, 4299.02956298, 2741.37002719,
0.308038850342, 1.06849343805e+12, -4.42101304088e+12, 5255.04681483, 1518.11059684,
44813.229359, 3.5727008398e+12, 2.95488432608e+12, -3410.27827463, 4123.30998822,
55337366.7007, -4.58918424457e+11, 6.77822583435e+11, -10555.172058, -7259.59004589,
12775362.9768, 59352921933.7, 92233576966.5, -28414.5386536, 20565.3810986,
123250634.87, -1.83238386821e+12, 2.69691152791e+12, -5277.73712406, -3585.89455631,
19604.1673701, -2.89040784828e+12, 1.99504146621e+12, -3492.3466865, -5059.69747624,
19.7892448696, 5.98752112212e+11, -4.6194336004e+12, 5328.677114, 1084.51796797,
5218.661763, -4.70943013195e+11, 7.28833956258e+11, -11401.8089778, -7380.6483501,
66550848.8633, -1.17009013164e+12, -1.25744665294e+12, 6435.79651423, -5988.69301766,
1070760.5779, 2.9101274344e+11, 2.07682800483e+12, -7879.10323714, 1104.0487915,
118786049.067, -2.05049512905e+12, -4.72574254873e+12, 4656.82116673, -2020.59020794,
59883.952283, 44646640735.0, 37076326239.5, -31295.8409049, 36258.7619661,
7.4673120404, 42614128173.8, 41369084406.8, -31460.7678236, 36138.8704452,
24.6752330788, -1.76804206406e+12, 3.51980358893e+11, -1675.44486633, -8415.97243949,
2474867.31341, 1.87458044499e+12, -2.31690248905e+12, 5188.38158034, 4197.86274893,
1.69475194997, 9.80295552041e+11, -4.38435025293e+12, 4941.21162582, 1009.05128068,
6358862.41512, 1.82835084613e+11, -1.38383041423e+11, 10697.6817762, 21629.378008,
6.68496445878, -8.0591017274e+11, 4.12965767661e+11, -5521.42875282, -10775.168182,
103335141.857, -3.38089747854e+12, -4.00346139516e+12, 3845.40808339, -3247.42247017,
39500155.945, -3.84966172378e+12, 1.95305626597e+12, -2508.93848437, -4945.35903491,
10380.6345897, -4.93708248135e+11, 7.60715946333e+11, -11625.1475248, -7112.86545615,
1786.60521671, 9.32075443309e+11, -5.02130906159e+12, 5381.15678463, 1183.16117982,
937802.117305, 3.02926486392e+12, 1.79049036527e+12, -3125.22618027, 5287.4553493,
6425012.45511, 4.40277884143e+12, -3.74371656665e+12, 3104.59404692, 3651.14205034,
187584.111253, -4.34789957997e+11, 6.43282288049e+11, -10126.9909381, -6761.60123989,
70244.5543892, 2.03458039859e+12, 7.00403885317e+12, -4096.84309085, 1190.07858516,
15598655.4413, -6.04383528331e+12, 3.93607412007e+11, -304.246972513, -4671.70721695,
748894304.487, 5.3529904624e+11, -4.1567542576e+12, 5219.17744486, 1098.11912222,
712676.394557, -4.81321190276e+11, -5.89791868955e+12, 4720.61956729, -385.243396623,
0.18426626423, 2.28425255607e+12, 5.46896394319e+12, -4366.98064926, 1823.98107101,
118861601.361, 1.45203013739e+12, -1.52345914772e+11, 994.97438458, 9483.23947185,
569.262679792, -99072821581.5, 1.07438249784e+11, -21824.9969523, -19848.6213394,
23.4023019715, -1.07671021267e+11, 92204254149.8, -22004.3035382, -19987.1614949,
4869423.35396, -1.99264355817e+12, -5.33685563629e+12, 4522.28843834, -1688.50528082,
4.58221741742, 1.34167331016e+12, -7.60892309872e+11, 4576.48222606, 8069.6623917,
2083.71064797, -5.76606968969e+11, 4.46357266484e+12, -5386.15112531, -695.786202661,
5.85628576868, -4.19918609785e+11, 7.95422544746e+11, -12345.4394664, -6534.97629415,
21967988.1329, 1.2485493692e+12, -1.56177994819e+12, 6364.22646202, 5087.81723303,
1198235.25854, 4.79326622976e+12, 5.44574947104e+12, -3210.94814926, 2826.22794368,
17338390.8576, 2.74747473388e+12, -6.11722389785e+12, 4058.63144838, 1822.88363885,
352825114.654, -1.81451915185e+12, -5.3620373708e+11, 2373.71506951, -8032.67705314,
1.80461068493, -3.60647190952e+11, -8.69616907986e+11, 10968.6434524, -4548.91161079,
7401.77643313, 1.30183176313e+12, -7.79215282341e+11, 4358.18234289, 8543.6096721,
0.60275217983, 5.18905520576e+11, -1.13471673801e+12, 9380.23931583, 4289.57977113,
49675.1556588, 1.14796945532e+12, -5.42061899876e+11, 4366.19672987, 9246.6570385,
1403.32206327, -3.80512945371e+12, -2.81585243546e+12, 3150.05076362, -4256.73973195,
41.2797347657, 2.20756235163e+11, -1.08172928641e+11, 10690.6153301, 21689.5980643,
627035276.139, 5.02363809868e+12, 3.39168657966e+12, -2618.59061807, 3878.55755089,
0.64097365017, -1.36341407272e+12, 6.8616293284e+12, -4272.51978077, -848.954864258,
5602.45132769, 5.60239093718e+11, 3.37379181128e+12, -6145.9823877, 1020.57856427,
0.736351703306, -3.27640545973e+11, 7.60676384564e+11, -11914.0732917, -5100.41696424,
908755929.039, 3.53968530859e+12, -2.74043418539e+12, 3333.6278841, 4305.88470562,
998266460.228, -89378896401.6, 1.12601496916e+11, -22159.6504157, -19745.3406019,
65342302.7692, -3.06478688051e+12, 6.10989664103e+12, -3939.04596475, -1975.86589492,
91622685.8646, -62427497698.0, 3.79113335598e+12, -5916.12925673, -97.4191912751,
14365.8955593, -3.51804741371e+11, 7.56577196792e+11, -12242.3445892, -5099.20504106,
0.758132969545, 5.70263388172e+11, 2.26202864474e+11, -5423.74191637, 13673.3964399,
0.799161174316, 5.9870024312e+12, -3.55838068427e+12, 2230.562943, 3752.93903255,
285570698.98, 2.75074142817e+11, 2.94150873576e+12, -6674.04881476, 624.121300242,
4972.72783546, 9.25873322217e+11, -86491829267.4, 1111.29177865, 11896.0995479,
18494214.0242, 3.10084295149e+12, -6.40961757455e+11, 1310.67471014, 6340.77835277,
543.482752351, 1.00552249244e+12, -4.39526298924e+12, 4798.95731321, 1234.76288813,
69646019.1168, 2.88865510809e+12, -2.31027305108e+12, 3741.7002911, 4678.4433787,
4943539212.06, -2.63066911711e+12, 5.53300226515e+11, -1746.93156044, -6299.54714455,
48.4704326771, -2.17227658511e+12, 16370480322.8, -58.9088758652, -7816.8978047,
2199620.08462, 44302673927.8, 43610910059.2, -31448.2077954, 36169.3500412,
825000563.879, -1.04742855598e+11, 86460206798.1, -22010.3474586, -19958.6074695,
10106.8304879, -3.88997995042e+11, 7.10021036766e+11, -7427.05692633, -3718.507459,
289.948446931, -2.7501926531e+11, 1.58843536841e+11, -10225.1255103, -17703.6256021,
6391181.36937, -3.99913728518e+11, 8.33208188861e+11, -12222.1026612, -6203.36679039,
4.53377967056, 1.05937046725e+12, -1.49358914962e+12, 6944.7922183, 4925.79085696,
167.808379568, -2.89189873675e+12, 6.28711153261e+11, -1668.12904199, -6384.34143163,
532255500.093, 6.9004351785e+12, 1.58658280028e+12, -970.239241525, 4219.8068658,
197.117350727, 1.90225465961e+12, 1.45927676499e+12, -4529.04992001, 5903.88781663,
18167053.9767, 49033432640.7, 38771062272.3, -31396.1203497, 36226.3027137,
10448938.0289, 1.24385683195e+12, -8.03522358809e+11, 4747.47541129, 6813.68463693,
65726.1081985, -1.1888258257e+11, 1.02958577472e+11, -22078.2644553, -20063.26079,
52793535.3112, -2.89299990974e+12, 6.63857555706e+11, -1651.33020026, -6385.76624417,
174786872.28, 1.08021454392e+12, -9.50370146662e+11, 5278.0215944, 7586.11969572,
257954.812179, -75846253806.9, 97708926944.4, -22076.0431763, -19830.6036601,
2222.82848248, -3.25483101787e+11, 8.38579955726e+11, -12023.6140155, -5683.94460001,
531334.244551, 71253953008.1, 86196014652.6, -28224.1147637, 20921.1076328,
3868252.65857, 1.3151556897e+12, -4.49330998716e+12, 5306.43708184, 1338.69479826,
265.306097312, 5.47842710138e+12, -2.24111497641e+12, 1793.04411562, 4383.11357534,
52688.4814777, -2.87920806507e+12, 3.47981188209e+12, -4176.96389795, -3456.03398977,
130155.531597, 2.16469539948e+11, -1.21972749122e+11, 10706.9077182, 21665.7349864,
373659765.511, -2.33590681808e+12, -85300653963.0, 275.008123, -7530.93112064,
68960.6759838, 4.41807656108e+11, -2.29269162117e+11, 7522.02732297, 14495.1428708,
22626.9530196, 60137884033.1, 83310143315.6, -28078.8102636, 20543.3858467,
900453224.291, 65641095301.4, 83076740904.0, -28004.2451655, 20814.7965078,
180922.391134, -2.60458367354e+12, 5.43092934019e+12, -4232.96341217, -2030.05907524,
2666558.00009, -46140911713.5, 88387772829.1, -32345.7784921, -16885.4091685,
61.2884951279, -3.24795722242e+12, 2.35806270407e+12, -3378.70705633, -4653.77615578,
10211.9598087, 7.65783771612e+11, -4.67418895839e+12, 5377.26537823, 1098.54702204,
98755.18055, -2.70941621328e+12, 9.56545904847e+11, -1928.66652668, -6249.96741484,
111996.751382, 59380047311.5, 80602112402.6, -28088.1677208, 20599.2918796,
776.666008735, -2.94489839119e+12, 8.04854232121e+11, -1697.35264347, -6660.73128604,
0.541178076511, -2.6414768604e+12, -3.45060219361e+12, 4388.68020372, -3359.58669107,
12670116.1581, 3.56296761955e+12, -2.03756106782e+12, 2823.19530848, 4936.76171313,
27348664.7986, -1.65095857723e+12, -6.1352309522e+11, 3024.14219601, -8137.80856198,
162.463458816, 9.46883822799e+11, -4.71145356017e+12, 5425.3944825, 1166.30454237,
12.897815753, 1.64809776031e+12, -4.88087040499e+12, 5328.89023373, 1271.76149545,
0.743732244047, -2.83132524159e+12, -2.96287960072e+12, 4114.7017632, -3932.0055263,
25.1028355948, 39615024370.0, 37653680110.4, -31381.0835629, 36090.0783351,
67972138.8856, 1.22915092041e+12, -4.17921232926e+12, 5169.88754642, 1292.60524179,
883502911.012, 1.14544658947e+12, -6.40362548684e+11, 4704.3046642, 7658.24796489,
23387808.8266, -5.42707401501e+12, -7.87022213233e+11, 706.106060911, -4869.09999563,
0.881364628092, 9.09174241858e+11, -4.37698457663e+12, 5159.12609612, 969.253109209,
11.4067432523, 56319879728.0, 90991221000.4, -28339.929919, 20538.0439851,
5445.02048659, -4.02831110949e+12, -3.40105836627e+12, 3237.09588896, -3834.10924707,
158834.895486, -2.45682345165e+12, 1.0057334914e+12, -1878.31099854, -6280.38346958,
1591027700.25, -1.28094572786e+11, 1.03968999784e+11, -22104.8937618, -20049.1955775,
0.699668959573, 2.83893635426e+11, -4.28557513787e+12, 5256.80379442, 1100.94857593,
284695720.122, 63549720059.2, 87364352250.0, -28531.9618448, 19881.9454555,
10877362.5426, 44050866451.7, 37612311433.0, -31230.9758479, 36314.1796261,
502830.088209, -5.52262521921e+11, 1.65880436213e+12, -8267.49526866, -2752.48117938,
21.0042889043, 3.00014757173e+11, -77803948969.9, 5195.14133415, 20032.6472689,
1418.32546279, 2.13994581946e+12, 4.0761895003e+12, -4754.38747526, 2495.99082698,
31962.1620548, 5.85568820142e+12, 2.18864708086e+12, -1613.34214331, 4316.46958344,
15372.8760174, 1.17604062875e+12, -9.91668890768e+11, 5423.36235841, 7707.33423515,
682511.602605, 4.15884714073e+12, 3.59717004366e+12, -3214.26786478, 3716.15702253,
785648824.903, -1.06082003616e+12, -5.17078751814e+12, 4912.51053325, -1007.83286554,
38.8007682924, -46485924842.2, -45698260583.7, 31635.4667402, -32180.7419024,
34275.8201899, 60334300909.2, 80105124568.6, -28073.7316608, 20622.066839,
54.394237916, 1.34699718928e+12, 1.28911402311e+11, -943.587294728, 9859.55789062,
63014.9096545, 8.47761613959e+11, -3.75431301657e+12, 5178.12795291, 1173.30277042,
1698244.61409, 45474720772.1, 37991351497.1, -31389.0655712, 36275.1461412,
70.5143684295, 4.36776584845e+11, 3.707436361e+11, -9850.44438526, 11604.9017134,
879.482642056, -2.01066022067e+12, -4.22307005188e+12, 4810.01946336, -2290.1146978,
8154.67710865, 3.4937559304e+12, 1.10235163926e+12, -1811.25509147, 5740.53050944,
270099.205, 1.54958470226e+12, 3.47906499223e+12, -5393.02402627, 2402.06709236,
1112519.0057, -3.30395110033e+12, -1.60514595392e+11, 307.402022862, -6327.40748092,
709.069999132, -6.39421056703e+12, 5.58983106204e+11, -396.049058316, -4530.40717267,
1480054931.03, -4.52876558949e+12, 4.07668956311e+12, -3122.71378999, -3469.00065335,
125.978934226, -13483230522.4, -1.65354093555e+11, 28193.2056406, -2298.9179321,
188.318482169, -97561192855.4, 94238158362.9, -21983.2407551, -19912.6298342,
1745773.32916, 47371065262.8, 41506259486.8, -31432.2329561, 36210.0937669,
4723409.81552, 4.40717448083e+12, -5.97928424827e+12, 3402.92812762, 2508.20957517,
140.182320082, 2.22598596525e+11, -1.14570294906e+11, 10696.6545433, 21679.5661344,
83703.1796739, 1.02770465092e+12, -8.7536918937e+11, 5141.66315042, 7535.29121854,
326.303739183, -3.97267329195e+11, 7.19037026501e+11, -13952.7519833, -9767.80862745,
12988.0197615, 2.87896314273e+12, 6.06682852443e+11, -1385.05089214, 6572.64409767,
91119.7458312, 8.04335630025e+11, 3.19464642666e+11, -4571.57736053, 11510.1393563,
61937.5362812, -2.38832356028e+11, 1.71675172036e+11, -12399.5515864, -17250.1013626,
4141492.47234, 1.42248207005e+12, -4.92193473989e+12, 5353.55581006, 1261.92257003,
0.892327443514, -4.3400381758e+11, 3.40484911005e+11, -9575.10102443, -12205.0354186,
60896467.2783, -1.68060166943e+12, -1.28204782376e+12, 4806.45460245, -6300.65078636,
2165189392.29, 7.83858805138e+11, -5.23891802981e+12, 5362.16330998, 1172.35454596,
2.4944420053, 40910584911.4, 37557228152.5, -31374.1860659, 36075.789805,
1.82055342402, -1.0101786641e+11, 91662779526.2, -21991.3873925, -19942.0175213,
21841078.812, -1.74688683942e+12, 1.86739645116e+12, -5261.67866044, -4922.12416892,
13.5131625674, 5.90242503787e+12, 3.46082673672e+11, -277.349086836, 4730.17668584,
2667619868.12, 1.68964629844e+12, -4.91761116169e+12, 5327.63122231, 1268.86743662,
145844117.223, -2.84020027516e+12, 1.2225529628e+12, -1957.22622109, -6368.02572997,
255665568.991, -3.24304180593e+11, 7.39230605923e+11, -11626.6604309, -4887.38412775,
1027650713.83, 42511260601.5, 36516704605.9, -31303.6241553, 36092.9890933,
31.4283731186, -5.06781886191e+11, 6.48809990067e+11, -10696.1733602, -6983.54765602,
146777774.658, -3.83743872334e+11, 6.66285092147e+11, -9618.04189855, -5859.8371013,
13.5680730504, 2.31676778449e+11, -4.68936386294e+12, 5310.79413153, 262.378376121,
73.1844903348, -4.24553017703e+11, 8.40206428064e+11, -12148.4593373, -6384.73717537,
1807588663.91, -1.47652598969e+12, -3.97421579678e+12, 5245.28340391, -1948.76113055,
30803.124642, -21861618303.8, -3.1172743559e+11, 20560.0854224, -1441.89021717,
19343.4752327, -3.89728628421e+12, -4.05820790328e+12, 3503.34810543, -3364.42854716,
11445478.8498, -1.19070930021e+11, 1.20700872793e+11, -22195.7605785, -20057.8467021,
574265.308457, -2.93476342782e+11, 6.68716815462e+11, -10729.516845, -5164.10315781,
5866686.17267, 53937582993.0, -1.202435107e+12, 10491.1942714, 470.603077384,
139.286445243, -1.00807745455e+11, 1.1383376914e+11, -22502.0162325, -20030.3431374,
71455721.4117, 1.39062807125e+12, -9.60019590362e+11, 5035.36300245, 7293.93150975,
4.20731597728, 3.12792892139e+12, 1.49126136483e+12, -2663.58573527, 5586.88574147,
1048371054.43, -3.41543507801e+11, 7.3162127296e+11, -11657.4648596, -4670.73980493,
48560.1956508, -7.35933281266e+11, 6.64414457873e+11, -7753.89164925, -8588.5351476,
265956.321935, 1.26489474609e+12, -7.96657553877e+11, 3682.34829935, 7219.97073062,
402641355.121, 1.89668367116e+11, -1.27737002247e+11, 10703.1659072, 21627.0905472,
312.856805089, 2.13045705554e+12, 2.89154831553e+11, -1056.78400442, 7786.25391219,
3534118.83345, -6.01881989566e+12, 1.75830297223e+11, -137.10690323, -4693.28534401,
13.3303275248, -5.2291114632e+12, 3.34257292764e+12, -2490.90471043, -3896.76415654,
44.2849669214, -1.96168612413e+12, -10387284064.5, 43.5571132054, -8225.96013085,
162945449.932, 5.27558166618e+11, -4.9210420422e+12, 5347.20070659, 1126.74497757,
999077818.094, 42334826252.2, 36540042904.5, -31311.1755684, 36088.9167675,
6966.5748789, -98495485872.0, 85677379835.7, -22009.4516898, -19927.4901672,
170.916834385, -5.93155813018e+11, 2.52536617703e+12, -6963.97238625, -1635.69178212,
2.18454060187, -5.94923841066e+12, -3.15548231842e+12, 2080.36547861, -3922.24990181,
1826098.03504, -2.62167313737e+12, 1.23323192486e+12, -1927.85817858, -6322.67416153,
0.819622721368, 3.57952480837e+12, 1.00928490505e+12, -1621.3197994, 5750.16471089,
762463644.38, 1.39723006287e+12, -7.77656095055e+11, 4903.02193152, 8432.88454741,
466297.856389, -2.3451296707e+12, -4.03358453811e+11, 1266.06267102, -7360.89973256,
36.4771150597, 5.2846445775e+11, 3.78927470375e+12, -5833.88686741, 813.612657036,
1526875665.2, 8.3732501987e+11, -3.74217442935e+11, 4908.83803856, 10983.7020849,
4551434.88841, 6.1430023172e+12, -8.1037619741e+11, 605.349998226, 4588.81498951,
820.930875378, 1.47977487697e+12, -7.75155617448e+11, 4970.73876278, 8328.0614195,
1210923413.44, -3.7793743657e+11, 8.56568797053e+11, -12128.1864989, -6041.26537873,
9440.56241597, -5.24647675249e+12, 4.09417932639e+12, -2747.66705536, -3520.99167631,
823237968.064, -2.75322807173e+11, -6.26530430635e+11, 12750.5705097, -5603.11629593,
2292051.43477, -99073987081.7, 1.06199869092e+11, -21859.7350014, -19877.6775954,
866527221.515, 5.15007171431e+12, -3.32058790728e+12, 2522.15623462, 3911.74269307,
336271.100945, 1.19888068294e+12, 3.61375343931e+12, -5604.29507422, 1859.25277383,
12698975.6611, 4.51811319494e+12, 2.53325399167e+12, -2475.79653705, 4415.63658394,
169.308591364, 2.30417229633e+11, -79214208476.9, 10647.6770146, 21672.4374939,
52815.2089651, 43699354116.8, 36012713162.6, -31279.6439484, 36161.6751145,
157.721330124, -6.31244286854e+12, -1.92191899524e+11, 139.523570251, -4582.57901715,
3175119719.9, 2.62256149395e+12, -1.41253342276e+11, 382.36414435, 7099.11330579,
1704850498.5, -4.304314265e+11, 7.68098904707e+11, -12321.0249912, -6953.78544185,
49.7475397719, -1.08688227714e+11, 1.14024113441e+11, -22200.7023962, -20134.6200615,
4.12399715706, -96999205400.1, -4.84251373756e+11, 16075.3893851, -3220.02183445,
1057047208.24, 1.11708487182e+12, -4.28530967934e+12, 5124.33735873, 1318.81328933,
4.54436569039, 5.10597114641e+11, -1.9525124473e+12, 7846.34419079, 2051.87972544,
1905.4632131, -4.43558908123e+11, 7.41123003571e+11, -11857.8979138, -7466.05548078,
29508832.6882, -8688368841.22, 599960623.482, -8505.04084105, -123166.302828,
1.52714292644, 1.31203506223e+12, -8.80952538028e+11, 5640.4027584, 8250.33168144,
3665080.01681, -1.21681562036e+11, 1.31692270928e+11, -22213.9185687, -20019.2188218,
1155032.16369, -2.81421704638e+12, 7.86197251425e+11, -1706.89822615, -6165.03463237,
10384.4447533, 46283458143.9, 40395590684.8, -31440.8231682, 36220.0351856,
45.6368241051, 63656911286.6, 84720702688.3, -27897.3879171, 20671.6631392,
104.744474389, -71890052096.5, 1.17070105862e+11, -22158.2270731, -19820.3644614,
4450551942.32, 4.14038758379e+12, 4.78513729379e+12, -3463.6301466, 2996.94039551,
3654774399.34, 1.82247476468e+11, -90112279813.7, 10652.3684552, 21607.4648972,
1501504026.38, 2.32435207483e+12, -1.57284021292e+12, 3854.31908589, 5695.93432998,
5025949.03522, -1.00872390062e+11, 1.12160479663e+11, -22584.4312652, -20275.0242536,
641.538091389, 45780508425.8, 38414643696.8, -31408.9127389, 36262.7047461,
14937.2400183, -3.25672537955e+12, 1.00557995639e+12, -1888.29616715, -6491.78398608,
22137.5357521, 4.9877915532e+12, 2.85703402458e+12, -2388.57507765, 4169.95894833,
12.7073316866, -5.05295444919e+11, 3.76540181068e+12, -5858.56700139, -786.186273973,
14799361.6418, -8.35899522688e+11, 2.03428787411e+12, -7185.99850775, -2952.76435509,
281003094.283, 1.27494991768e+12, -7.47078891384e+11, 4791.74325186, 8177.49334769,
13.7591666798, 2.38390917023e+11, -72248199480.4, 10650.4371428, 21668.8270734,
2089166.13861, -96676186509.0, 1.11999267026e+11, -22213.5943266, -19609.551968,
1.02281766289, -91799853002.8, 1.32815603415e+11, -22256.4972256, -19888.4287339,
10233830.2386, -95449988483.8, 1.16122167435e+11, -22310.3117304, -19769.6971018,
334290286.369, 2.17032052147e+12, -2.85357175073e+12, 4843.30457459, 3683.63728976,
774.039620391, -4.6185709375e+11, 4.95604639339e+11, -10240.7510441, -9543.42058085,
1222401.79492, -2.21439489265e+12, 1.62591272451e+12, -4114.06406649, -5603.10668558,
0.482031596041, 6.83721528268e+11, -3.24280269277e+12, 6192.74262794, 1305.69505915,
136.043733653, 57939760691.3, 89129171773.7, -28321.9270132, 20496.8546602,
41.3903685256, -9.63584301391e+11, 6.10307234316e+11, -5772.42957027, -9113.80727942,
1195387905.01, 1.19556760579e+12, -4.27781189586e+12, 5173.14341897, 1329.15477546,
258689093.177, -6.2704498345e+12, -3.82993959889e+12, 2215.57089518, -3627.37473903,
945867.984219, 1.10205095157e+12, -4.40425446878e+12, 5221.61190453, 1450.17560563,
4.18697761091, 7.04115153099e+11, -4.34939134117e+12, 5238.65129523, 1051.45215256,
178.288770855, 1.23989487126e+12, -4.44322162341e+12, 5288.14410373, 1364.94108254,
123.673093989, 5.12411886346e+12, 2.5547880426e+12, -2148.44144233, 4309.112591,
9364451.75525, -1.71698424144e+12, 3.34812380583e+12, -5285.19857154, -2710.35457065,
631.819505904, -1.06886928888e+11, 91709904661.7, -22002.7489822, -19981.1537237,
1737195054.63, 64350115808.9, 75847851465.1, -28084.7525749, 20719.2489799,
239357100.414, 4.37539449567e+11, -7.42249392991e+12, 4217.99151163, 248.641184715,
167.698171066, 2.10578815746e+11, -94878417142.1, 10621.21181, 21696.0986616,
1491994355.21, 71910161679.8, 82886556303.5, -28162.8694866, 20879.4704561,
2135.89395663, 2.11211276861e+11, -1.03128048116e+11, 10695.7367965, 21718.1526775,
12.7451413219, 5.05227094274e+12, 1.65693362244e+12, -1557.08103508, 4747.80351035,
414.68841534, 5.40337010886e+12, 3.65101408093e+12, -2525.98464996, 3738.36683467,
11382545.7057, 43292005103.3, 37849403624.8, -31336.4753609, 35945.6597127,
42.5226106743, 2.60819278087e+12, 1.45211494563e+12, -3243.81008214, 5826.31703102,
363126730.91, 3.86149194957e+11, -4.20115776064e+12, 5240.37803046, 1099.84627356,
2020107748.23, 1.46757791382e+12, -9.68545675004e+11, 5287.32119956, 8212.77083298,
2979.98103061, -1.05157847567e+11, 4.28963757851e+11, -16838.0362241, -4127.74182939,
0.0633730899008, 2.99448720066e+12, 1.249574226e+12, -2463.20807071, 5902.84665517,
2926663.40332, -2.08769249136e+12, 5.10552864867e+11, -1866.94482318, -7634.09033098,
53359.2701487, -3.73383025218e+11, 4.04515972512e+12, -5692.1885908, -525.409808406,
186030903.625, 2.11018331692e+11, -4.84078674578e+12, 5315.82644111, 1118.3718579,
172.473589508, 56517331549.8, 89479892019.6, -28312.7838989, 20517.5681705,
6998833649.79, -6.05691883921e+12, 2.03292085851e+12, -1450.38710605, -4321.30791025,
16.8594397533, -4.27788883664e+11, 7.22610691614e+11, -11565.1562599, -7972.87682602,
140.193665661, -2.62120876416e+12, 4.11527491641e+11, -1746.35016789, -6325.52815877,
1042993.98338, -2.30419038947e+12, 5.94419767524e+12, -4254.6729937, -1649.26827102,
82681381.1875, -1.53884520581e+12, 5.80007509905e+12, -4546.07479001, -1206.14048549,
207.582742604, 1.48281672467e+12, 1.7192651835e+12, -5790.36556984, 4994.02360457,
30493699.7592, 2.21019897834e+11, -89425666979.7, 10644.327959, 21683.1186266,
0.548679594315, -3.9420139151e+11, 6.78811976222e+11, -9329.38815453, -6228.0489065,
165367944.464, -6.16545149258e+12, -3.0144476487e+12, 1931.76691955, -3951.04398068,
1159.4996232, 70977831803.9, 85021654208.3, -28190.574747, 20913.6637004,
2.44811239191, -1.32403364523e+12, 5.0582886489e+12, -4874.42028804, -1275.90513518,
61072596.7146, 45694158147.0, 38564789408.1, -31417.1581423, 36261.6149468,
0.636582121175, 45711919991.3, 42142245406.1, -31448.5729763, 36192.5362215,
0.285053253597, 1.16666501629e+12, -4.74268733671e+12, 5398.17972762, 1259.12473384,
51244.0575509, 3.67104016953e+12, 2.11203114419e+12, -2791.8662866, 4852.69988287,
1478544500.25, 1.33009700255e+12, 1.62091863372e+12, -6150.90171718, 5047.32055441,
113.362369279, 62240822244.2, 77445273778.3, -28075.3909388, 20682.1967551,
65.701484594, 4.3330882046e+11, -6.39413695798e+12, 4540.74526299, 307.710796132,
54.2319821832, 67010358796.1, 94159605357.7, -28442.9762948, 20796.9756045,
822545592.804, -1.4221375594e+12, 2.33492061107e+12, -5951.18473952, -3624.70711032,
131.023319978, -4.83153804329e+11, 7.4825589319e+11, -11579.0260799, -7214.85568392,
102048371.121, 1.886343766e+12, 1.6962798972e+12, -4836.85730688, 5378.81492489,
46.8858529403, 48314535664.5, 37482345218.3, -31379.3367925, 36231.7681546,
58405319.0091, 1.22605469542e+12, -9.74537570384e+11, 5498.19822785, 7781.2715374,
9185639.1517, -6.92011433263e+12, -2.34092653931e+11, 148.032085008, -4376.0405803,
7.85342416479, -4.07147429245e+11, 7.49487290874e+11, -12883.6008362, -6868.77781052,
42034.0279247, 3.72351417343e+11, 63434394975.9, -3148.37850934, 18480.5609123,
139601928.247, 42236326577.1, 33423547578.9, -31321.7068379, 36141.7836418,
1721756.84932, 7.20709989015e+11, -4.56898947131e+12, 5341.88385339, 1064.9194275,
75687379.563, -85994931238.0, 1.39859558897e+12, -9714.83246241, -597.332321211,
32.782751253, -5.7991340393e+12, -1.18326726918e+12, 946.809321359, -4640.26539671,
173289.146371, -2.45514764489e+12, 1.51521871869e+12, -3562.46775616, -5772.35762312,
7671437003.46, -3.79231771715e+12, -1.15874781693e+12, 1690.71138579, -5533.31333121,
12167304.4922, -2.1549300062e+12, 3.0521223855e+12, -4869.31238747, -3437.94450156,
42999.7388908, -1.5935012913e+12, 4.69037837379e+12, -4901.47860244, -1665.22012934,
1.85747687033, -1.12775674735e+11, 1.37193454264e+11, -22239.6642649, -19986.7376353,
1886642503.18, 3.03709075583e+12, 6.3310536284e+12, -3920.22142176, 1880.58243377,
8358099.35035, 3.36873057375e+12, 5.12882623568e+12, -3887.55926849, 2553.43799209,
87077051.0037, -4.71135185998e+11, 7.78639561404e+11, -11890.2346176, -7010.57930267,
1242.00845101, -2.94054785336e+12, 5.36567833946e+11, -1699.78531484, -6406.65579534,
2.92415368186, -3.97075010295e+11, 5.97459407377e+11, -10152.8145131, -6178.52717551,
5.74737782434, 3.71602507716e+12, -1.97307566651e+12, 2634.14618972, 4961.06331045,
0.722423442672, 6.21543299249e+12, 3.2518297157e+11, -241.290846451, 4611.94840732,
10.9435368609, 1.61611812852e+12, -4.40157576872e+12, 5271.15354404, 1301.26301727,
3210755077.51, 1.06925832115e+12, -4.46494008336e+12, 5428.62767472, 1450.65662659,
294749557.472, -2.32645729324e+12, 1.01637624438e+12, -1867.62819287, -6289.82991843,
0.955112099569, -9.50131546087e+11, -1.94988491529e+12, 7032.56117428, -3426.79620171,
2020.6803141, 64806818122.7, 85122071973.8, -27903.4690444, 20855.5313709,
4.43119908488, -96213226780.8, 90513578209.4, -21998.8095999, -19909.8354327,
5434057.24522, -3.74649451292e+12, 3.7928956699e+12, -3550.07247524, -3506.64194496,
43.9792709088, 5.14179723533e+12, -2.18595999861e+12, 1907.06083731, 4485.77290852,
2039159.59824, -2.00579919689e+12, 5.4174636283e+11, -2084.20830487, -7716.71695629,
3311870668.86, 8.34783972108e+11, 4.83798070385e+12, -5124.15618789, 884.16298412,
42886.9355279, 2.34101382788e+12, -2.97340570377e+12, 4653.434154, 3663.72933496,
350.803730972, -4.13487451463e+12, -6.03734950225e+12, 3514.04091159, -2406.70483021,
0.886470329939, -3.02194225198e+12, 6.77131998374e+11, -1707.81991569, -6492.82518032,
7795028.34748, -3.27300814837e+12, 1.01036294485e+12, -1886.59417751, -6489.92823071,
11.4656486573, -94721223956.9, 1.01554671817e+11, -21968.3163998, -19842.2644069,
10080183.6874, 2.02768806974e+11, -1.0931398499e+11, 10739.3151046, 21631.4658795,
8182562718.13, -8.42360769899e+11, -1.50228209302e+12, 7657.50266424, -4293.72077969,
0.589594296632, -4.9863083763e+11, 6.63723943905e+11, -10735.486315, -7069.3219191,
80239225.3984, 64681198709.7, 87172804814.6, -28201.453772, 21377.0061571,
3431570.08335, -2.49031453678e+11, -54027445620.5, 4839.07813777, -22305.0090425,
234852445.99, -1.04774592029e+11, 81734862960.6, -22019.8915117, -19953.5083373,
5.5365494636, -4.04527084294e+11, 6.548609753e+11, -9782.98373962, -6418.85161789,
1073724.08702, -1.00937141283e+11, 1.09440100295e+11, -21721.1877327, -20132.1152866,
938.748312729, 1.29410352588e+12, -7.88764411225e+11, 4254.79974449, 8678.02168604,
10585.3485641, 1.26633125168e+12, -8.15473628602e+11, 6376.98672661, 6064.39360027,
11256750.8172, 2.02134067821e+11, -1.28267395403e+11, 10709.7068645, 21641.7329339,
11308490.4302, 67358884626.5, 83594582966.5, -28067.274638, 20887.9472803,
3424512.98205, -1.05492163464e+11, 6.00415461028e+11, -14533.8820913, -2553.58291858,
69056.7879796, -2.89333520396e+12, 8.5269979154e+11, -2360.96210436, -6439.24167445,
3039301.2696, 4.60021922063e+12, 9.60521412286e+11, -1086.30085387, 5202.6139172,
2.20774498246, 38846733727.1, 36897360834.1, -31372.3163319, 36098.0616266,
798698.629462, 1.76942215936e+12, -9.029000983e+11, 3715.5704566, 7281.43978825,
1590588823.18, 4.92824355141e+12, 2.78626968462e+11, -292.722377059, 5177.55756042,
372248.581142, -2.68928363558e+12, 3.33508310877e+11, -1740.76020526, -6344.74713243,
533268217.855, 1.07301654027e+12, -4.59370006379e+12, 5453.9601541, 1269.93156648,
45.1119894032, 44131556788.2, 38273022974.1, -31514.3733663, 36323.8773979,
7811332.1061, 1.1360129181e+12, 8.24206895209e+11, -5711.14428885, 7871.72944923,
61.2358094928, 2.23049628766e+11, 9.67434828684e+11, -11267.5586718, 2597.82334099,
115043481.585, -2.96708358632e+12, 4.02311529664e+11, -1723.49112654, -6403.76712037,
8755.48607807, -1.16842813365e+11, 1.05407942432e+11, -22085.3134868, -20077.3856158,
1665896190.43, 1.27175078312e+12, -5.05750454088e+12, 5367.00619483, 1234.78215093,
98572186.9237, 3.31532250771e+11, -4.07613141357e+12, 5231.37713779, 1111.44524817,
231.646352173, 54057864681.2, 77865615468.0, -28147.373002, 20601.1731551,
72.7415980465, -5.38603535031e+12, -3.94034564826e+12, 2633.38038274, -3599.55219627,
46842.5737205, 47304825542.4, 31967736789.4, -31338.0826674, 36191.903454,
160310.683607, 2.00201645144e+12, 1.38774152806e+12, -4205.46580982, 6066.98838869,
11294.61397, -2.96987750663e+12, 1.03546610523e+12, -1988.9313238, -6442.50339166,
1.35143735218, 1.49194923953e+12, -9.09319365315e+11, 4536.34333024, 7442.92295968,
116.809944801, 4.04803405373e+12, -4.79376200621e+12, 3514.30882824, 2967.61537048,
7499822.06143, -2.67304238628e+11, 2.01117342016e+12, -8018.2965928, -1065.70852834,
165035137.311, -4.03195308576e+12, 1.798998717e+12, -2234.24930381, -5007.44569172,
1441.56030246, 57852511981.5, 82342610812.5, -28126.024214, 20554.2325045,
1128161.50462, -1.89698130728e+12, -1.90613658623e+12, 4979.95520808, -4956.03620908,
17783337.1192, -4.50943728927e+12, -2.86334991628e+12, 2672.17709456, -4208.36271712,
113393811.153, 2.25025715174e+12, 1.21310978051e+12, -3419.49379449, 6342.98765866,
22737115.5418, -4.07277162417e+11, 8.1902142802e+11, -12277.1851109, -6293.66987214,
12404.8660591, 2.09905566533e+11, -60434508132.3, 10638.299225, 21649.3869293,
28.4871397309, 3.64415362493e+12, -4.88259058422e+12, 3740.75104674, 2791.93416933,
840023.409526, 59139240679.3, 88334266141.6, -28310.9162109, 20463.2870329,
3.66576206451, -4.19926700142e+11, 6.51061844111e+11, -9950.67371315, -6667.14382027,
13769.0301974, -7.09698017799e+12, 9.67419349741e+11, -581.45755034, -4265.56767777,
196.592843785, 2.55537321743e+12, -5.00518002087e+12, 4328.65482151, 2209.97617514,
10801.7161211, -1.06562270385e+11, 1.22734783863e+11, -22285.6837115, -20019.8043436,
15420.7808202, 1.00657184448e+12, -9.70535565688e+11, 6763.02288827, 7014.13597146,
18788.1231544, 5.56831356006e+12, -2.95422905675e+11, 258.495862552, 4872.28982254,
29.4367399586, 2.04251936341e+11, -1.00844220891e+11, 10795.453592, 21205.5323559,
36813.6607917, -2.58322407603e+12, 1.14499035535e+12, -1918.85919444, -6303.15759317,
113127682.824, 5.04220301574e+11, -2.34425609109e+12, 7274.06911613, 1564.56171207,
47.8152984623, -1.15846594272e+11, 1.35973959854e+11, -22232.5134207, -19997.7865234,
27079.4426416, 3.09239946994e+12, 2.91938356232e+12, -3835.30168468, 4062.59905339,
5612.14130599, -1.85795464966e+11, 2.44211089729e+11, -16553.1045308, -12593.5794167,
3712598.79367, -2.51273097765e+12, 7.53613782789e+11, -1812.14537201, -6263.8044476,
884.108768058, 1.38950500365e+12, 9.39424793242e+11, -4982.72666719, 7369.96051807,
247796513.845, -4.30320938309e+11, 1.23618824837e+12, -9510.70944386, -3310.70726265,
329.728422233, -1.28503703799e+11, 1.20113642831e+11, -22168.9462149, -20045.7877457,
21.635363223, -1.21165255614e+11, 95695882522.8, -22060.9921725, -20034.9803786,
15.7692405661, 1.87036508131e+11, -87518354038.6, 10643.6285374, 21609.8626358,
30.7219622714, -2.50521822725e+12, 7.9594749098e+11, -1825.61084951, -6261.97489156,
809711.997993, 1.04739604652e+12, -4.4203640722e+12, 5233.55654388, 1585.20295023,
1222982236.3, 1.48496743441e+12, -8.48739005901e+11, 5116.19653081, 8322.62154644,
