1, 1.8587e+07, 1.5071e-13, -2.3998e-28, 0, 0
1, 6.4867e+07, -2.2872e-08, 3.2008e-07, 0, 0
1, 203.75, -6.5531e-09, 2.3418e-07, 0, 0
1, 6.1432e+06, -3.4256e-09, 1.9912e-07, 0, 0
1, 608.57, -1.4754e-09, 1.6131e-07, 0, 0
1, 12581, -1.1512e-10, 8.5303e-08, 0, 0
1, 8.9611e+05, -3.3825e-11, 6.2707e-08, 0, 0
1, 10.572, -8.494e-12, 4.4403e-08, 0, 0
1, 167.92, -3.733e-12, 3.6157e-08, 0, 0
1, 8.3386e+06, 2.8233e-08, -3.1095e-10, 0, 0
1, 536.02, 3.8944e-08, 1.4288e-08, 0, 0
1, 6.4181e+09, -2.9389e-08, 2.6568e-09, 0, 0
1, 0.3724, -4.1226e-08, 6.3675e-08, 0, 0
1, 0.52378, 2.0118e-08, -3.2177e-08, 0, 0
1, 6594.4, 1.6632e-08, -2.7343e-08, 0, 0
1, 3.6255e+07, 2.7805e-08, 2.3353e-08, 0, 0
1, 9.008e+08, 9.7322e-09, -7.896e-08, 0, 0
1, 12.317, -1.6346e-08, 2.4697e-08, 0, 0
1, 15.24, 4.1846e-08, -2.7648e-08, 0, 0
1, 6.7071, -3.6899e-08, -1.0091e-08, 0, 0
1, 1.1273e+09, -2.7912e-08, -1.7158e-08, 0, 0
1, 9.2388e+07, -9.6652e-09, 3.897e-08, 0, 0
1, 640.7, -6.3075e-10, 4.8397e-08, 0, 0
1, 181.99, -2.0932e-09, 4.4338e-08, 0, 0
1, 373.94, 4.0038e-08, -3.5353e-08, 0, 0
1, 156.96, 1.7133e-08, 4.8895e-08, 0, 0
1, 8889.1, 2.041e-08, -3.1228e-08, 0, 0
1, 4.401e+09, -8.2419e-08, 2.5677e-08, 0, 0
1, 6.1438, -2.7124e-08, 6.7281e-08, 0, 0
1, 4.7607e+06, 9.5286e-08, 7.3268e-09, 0, 0
1, 5.8353e+08, 1.5606e-09, 4.4641e-08, 0, 0
1, 9.2163e+06, -3.6099e-08, -3.5881e-10, 0, 0
1, 487.98, 3.755e-08, 1.3709e-10, 0, 0
1, 7.1534e+07, 4.5105e-09, -3.0093e-08, 0, 0
1, 16078, -4.7164e-08, 1.6574e-08, 0, 0
1, 719.19, 3.2418e-08, 1.0709e-08, 0, 0
1, 3.0775e+07, 3.0799e-08, 9.3713e-09, 0, 0
1, 15.676, 5.3035e-08, -2.3772e-08, 0, 0
1, 1.3045, 2.9568e-08, 6.6598e-08, 0, 0
1, 1.2789e+05, 1.0548e-07, -3.5546e-08, 0, 0
1, 587.93, 5.401e-08, 1.8488e-08, 0, 0
1, 2.9006, 4.3103e-08, 7.8472e-09, 0, 0
1, 1.7219e+08, -5.9099e-09, 3.2117e-08, 0, 0
1, 3308.4, 5.2026e-09, 5.2152e-08, 0, 0
1, 3.1643e+06, -4.0416e-08, 2.2412e-08, 0, 0
1, 1.2722e+07, 2.5733e-08, 1.4116e-08, 0, 0
1, 31.268, 2.483e-08, -3.4952e-08, 0, 0
1, 194.21, -2.2518e-08, 2.3337e-08, 0, 0
1, 1.438e+09, -2.7008e-08, -6.9969e-08, 0, 0
1, 3.1426e+06, 2.3225e-08, -4.3845e-08, 0, 0
1, 5.5764, 1.7905e-08, -4.8092e-08, 0, 0
1, 2.5313e+05, -2.74e-08, 2.0763e-08, 0, 0
1, 3.7929e+05, -4.0917e-08, -2.5545e-10, 0, 0
1, 1.3174, 1.3991e-07, 1.2548e-08, 0, 0
1, 0.67987, -2.833e-08, 1.1004e-09, 0, 0
1, 5.5441e+07, 2.276e-08, 1.769e-08, 0, 0
1, 1.1078e+08, 3.2962e-08, -1.7163e-08, 0, 0
1, 21.494, -5.3342e-09, -3.3924e-08, 0, 0
1, 3.0325e+08, 1.0677e-10, -3.2572e-08, 0, 0
1, 26199, -5.3825e-09, -3.6029e-08, 0, 0
1, 11.735, -2.9893e-08, -2.9449e-08, 0, 0
1, 2172.2, -2.0554e-08, -2.0929e-08, 0, 0
1, 2.0133e+07, -5.8895e-08, -5.31e-08, 0, 0
1, 2.8703e+09, -2.8677e-09, -4.2383e-08, 0, 0
1, 4.8402e+09, -4.8556e-08, 1.0335e-09, 0, 0
1, 7.2931e+09, -3.66e-08, 1.9216e-08, 0, 0
1, 3601.2, 1.4653e-08, 2.744e-08, 0, 0
1, 0.98653, -3.0274e-08, -2.2428e-08, 0, 0
1, 3176.7, 2.5407e-08, 2.4194e-08, 0, 0
1, 3.6295e+06, -1.2638e-08, 2.5718e-08, 0, 0
1, 2.2483e+08, -2.8161e-08, 1.0156e-08, 0, 0
1, 55.376, -3.4108e-08, 7.1945e-09, 0, 0
1, 1.191, -3.4204e-08, -8.8479e-09, 0, 0
1, 5.7787e+08, 3.1045e-09, 3.149e-08, 0, 0
1, 6.6298e+09, 1.6158e-08, 4.5207e-08, 0, 0
1, 1236.4, 1.7696e-09, 3.3609e-08, 0, 0
1, 2.1929e+06, 1.3374e-08, -3.9967e-08, 0, 0
1, 1.0581e+08, 3.0078e-08, 5.1798e-09, 0, 0
1, 136.36, 2.8598e-08, -9.289e-09, 0, 0
1, 1.1889e+06, 2.7137e-08, 1.4459e-08, 0, 0
1, 236.53, -1.8036e-08, 2.1683e-08, 0, 0
1, 300.72, 2.3447e-08, 3.5757e-08, 0, 0
1, 1.6722e+08, 5.7546e-08, -2.068e-08, 0, 0
1, 8.36e+06, 6.0467e-09, -3.1435e-08, 0, 0
1, 2.3082e+07, -1.5734e-08, 9.9559e-08, 0, 0
1, 1.8602e+09, -5.4331e-09, -2.9825e-08, 0, 0
1, 263.36, 3.0545e-08, -2.9847e-08, 0, 0
1, 1.1929e+06, 5.1369e-08, -1.2174e-07, 0, 0
1, 34001, 3.14e-08, 7.1722e-08, 0, 0
1, 3.1923e+08, 6.4395e-08, -9.7549e-09, 0, 0
1, 183.24, -2.7934e-08, -2.7125e-08, 0, 0
1, 5.4296e+05, 8.0344e-09, -2.9603e-08, 0, 0
1, 55.201, -5.4575e-08, 2.3111e-08, 0, 0
1, 77.659, 2.9772e-08, -7.3899e-09, 0, 0
1, 1.337e+07, -2.8282e-08, 5.2284e-09, 0, 0
1, 1.1302e+06, 2.6478e-08, -3.5541e-08, 0, 0
1, 0.07796, -1.7965e-08, -2.4845e-08, 0, 0
1, 17972, -3.0163e-08, -2.3088e-08, 0, 0
1, 12186, 6.3135e-09, -3.9574e-08, 0, 0
1, 1595.5, 1.1634e-08, 3.0577e-08, 0, 0
1, 3420.5, -2.371e-08, 3.6002e-08, 0, 0
1, 2.1249e+08, 3.1934e-08, 5.4302e-09, 0, 0
1, 1.0959e+08, -5.1864e-08, -6.957e-08, 0, 0
1, 28388, -2.9442e-08, -4.4857e-08, 0, 0
1, 2.0587, -1.1476e-07, -1.2296e-07, 0, 0
1, 944.06, -3.8892e-08, -9.3594e-09, 0, 0
1, 1.5576e+08, -3.0599e-08, 7.786e-09, 0, 0
1, 23.415, -7.4916e-08, -3.298e-08, 0, 0
1, 41.936, -2.3985e-09, 2.831e-08, 0, 0
1, 13269, 1.749e-08, 3.2522e-08, 0, 0
1, 9.8342e+07, -2.3903e-10, 3.7054e-08, 0, 0
1, 2.2277e+07, 1.8943e-08, -2.0837e-08, 0, 0
1, 5.1229e+08, 2.3565e-08, -2.0802e-08, 0, 0
1, 13606, -3.4212e-08, 2.3652e-09, 0, 0
1, 76.335, 7.1172e-08, 3.4265e-08, 0, 0
1, 2904.5, -1.4285e-08, -3.1979e-08, 0, 0
1, 0.45874, -6.5194e-09, 1.2501e-07, 0, 0
1, 17.748, 6.5247e-08, 2.1285e-08, 0, 0
1, 2.0115e+05, -2.8748e-08, -4.6571e-08, 0, 0
1, 3.3168e+05, -6.5688e-08, -2.0305e-08, 0, 0
1, 2.1505, -3.9957e-09, -3.5059e-08, 0, 0
1, 0.7141, -2.7045e-08, -1.7139e-08, 0, 0
1, 1.3529e+05, -2.5916e-09, -2.8851e-08, 0, 0
1, 1.365e+07, -2.7467e-08, -1.0099e-08, 0, 0
1, 1.4288, -3.437e-09, -2.9087e-08, 0, 0
1, 3.3622e+07, -2.8863e-08, 3.1202e-08, 0, 0
1, 6.6834e+07, 2.7982e-08, 1.5045e-08, 0, 0
1, 0.61978, 2.7136e-08, 8.6293e-09, 0, 0
1, 614.55, 1.0854e-08, -4.1246e-08, 0, 0
1, 17270, 2.819e-08, -1.0048e-08, 0, 0
1, 3.0182, -1.7924e-07, -1.3825e-07, 0, 0
1, 8.3724, 7.0542e-08, 5.4137e-08, 0, 0
1, 5016.9, -9.5944e-08, 4.5886e-09, 0, 0
1, 37.656, -2.3144e-08, -7.5209e-08, 0, 0
1, 11468, -1.2112e-08, -6.4206e-08, 0, 0
1, 8.9165e+05, 1.0156e-08, 3.9617e-08, 0, 0
1, 9027, 3.9836e-08, 1.0797e-07, 0, 0
1, 21.073, -5.1085e-09, -3.0506e-08, 0, 0
1, 69.462, -3.1951e-08, 1.348e-08, 0, 0
1, 1.988, 6.4075e-08, -2.7262e-07, 0, 0
1, 9.0752, -2.2214e-09, 2.8638e-08, 0, 0
1, 7531, 4.113e-08, 6.1055e-08, 0, 0
1, 121.66, 2.6092e-08, 2.1822e-08, 0, 0
1, 0.27095, -9.0136e-08, 4.4553e-08, 0, 0
1, 56645, -2.9909e-08, -1.0313e-08, 0, 0
1, 68.912, 3.151e-08, 8.6327e-09, 0, 0
1, 7.543e+07, 4.7877e-08, 2.0179e-08, 0, 0
1, 1.5129e+08, 3.1331e-08, 3.2532e-09, 0, 0
1, 1510.8, -2.1351e-08, 1.8672e-08, 0, 0
1, 1.0641e+09, -2.3332e-08, 1.9031e-08, 0, 0
1, 4.4639e+08, 3.3118e-08, 2.55e-08, 0, 0
1, 5.548e+08, 4.1932e-08, 6.6583e-09, 0, 0
1, 5.7689, -1.0467e-08, -2.8433e-08, 0, 0
1, 944.83, 2.1282e-08, -2.3805e-08, 0, 0
1, 406.11, 3.8846e-08, -4.545e-09, 0, 0
1, 34079, 4.0886e-08, -4.554e-09, 0, 0
1, 99.37, -1.3396e-08, 7.3924e-08, 0, 0
1, 84.557, -4.8439e-08, 4.1379e-08, 0, 0
1, 151.74, 2.7572e-08, -2.8756e-08, 0, 0
1, 2196.3, 2.4972e-08, -1.4697e-08, 0, 0
1, 14462, 8.0491e-09, 3.1413e-08, 0, 0
1, 3.5826, 2.872e-08, 1.5477e-08, 0, 0
1, 2.0437e+06, -3.3779e-08, 7.3201e-09, 0, 0
1, 1.241e+08, -2.6799e-08, 1.4391e-08, 0, 0
1, 106.57, 1.5051e-08, -2.9157e-08, 0, 0
1, 1.731e+06, -5.7621e-09, 3.3097e-08, 0, 0
1, 117.5, -3.0231e-08, 6.5081e-09, 0, 0
1, 1404.1, -4.3001e-08, 2.8169e-08, 0, 0
1, 2.0379e+07, -2.8645e-08, -4.9336e-08, 0, 0
1, 916.3, -3.0426e-08, 6.149e-08, 0, 0
1, 3.1027e+09, 3.1048e-08, -8.39e-09, 0, 0
1, 3.0557e+07, -2.9153e-08, 6.4592e-10, 0, 0
1, 18660, 4.5816e-08, -2.3831e-08, 0, 0
1, 2.9521e+08, -2.8605e-08, -6.9801e-08, 0, 0
1, 547.49, -3.4511e-08, 2.3985e-08, 0, 0
1, 158.98, 5.2619e-10, 2.8997e-08, 0, 0
1, 0.43871, 2.1906e-08, 4.458e-08, 0, 0
1, 160.92, 5.8049e-08, 1.5689e-08, 0, 0
1, 9.3597e+05, -3.2896e-08, -1.4795e-08, 0, 0
1, 0.5058, 4.1236e-08, -1.0128e-07, 0, 0
1, 55.313, 3.7175e-08, 1.9617e-08, 0, 0
1, 6.1609e+06, 3.4796e-08, 5.0328e-10, 0, 0
1, 8.9333e+08, 1.3349e-08, -3.0839e-08, 0, 0
1, 1.4249e+08, 2.5817e-08, 1.8514e-08, 0, 0
1, 5.4834, 3.2354e-08, -8.9901e-09, 0, 0
1, 2.3926e+08, 1.2259e-08, 4.9757e-08, 0, 0
1, 220.21, 2.9487e-08, -1.7823e-08, 0, 0
1, 5442.6, -1.9851e-08, 2.1441e-08, 0, 0
1, 90229, 1.0348e-08, -3.3503e-08, 0, 0
1, 7.9147, -4.5347e-08, 1.5384e-08, 0, 0
1, 2.114, 5.5882e-08, 1.3122e-08, 0, 0
1, 7.9671, -7.3621e-09, -3.5737e-08, 0, 0
1, 4.8891e+05, 8.9179e-09, 3.6062e-08, 0, 0
1, 1.2029e+09, -4.526e-08, 5.4399e-08, 0, 0
1, 15058, 2.2264e-08, 3.8868e-08, 0, 0
1, 2272.4, -3.8198e-08, -2.3219e-09, 0, 0
1, 8.9456e+06, -2.4014e-08, 4.7929e-08, 0, 0
1, 0.69722, 2.1517e-08, -2.1638e-08, 0, 0
1, 136.77, -6.4474e-09, 3.3019e-08, 0, 0
1, 8.3731e+06, -4.0189e-08, -8.1094e-08, 0, 0
1, 23353, -1.4664e-09, 7.7676e-08, 0, 0
1, 49654, -1.3251e-09, 6.8429e-08, 0, 0
1, 276.99, -3.3439e-08, 2.1848e-08, 0, 0
1, 93.542, -3.1823e-08, -3.7035e-08, 0, 0
1, 38.207, 3.4018e-08, -1.0839e-08, 0, 0
1, 4.6457e+05, -3.491e-08, -3.1348e-08, 0, 0
1, 3.7993e+09, -2.7254e-08, 8.0316e-09, 0, 0
1, 3.6473e+06, 2.5643e-08, -1.4537e-08, 0, 0
1, 2.4408e+08, -5.2159e-08, -1.6298e-09, 0, 0
1, 875.24, 3.7145e-09, -3.1787e-08, 0, 0
1, 1.447, 6.1011e-09, -1.3376e-07, 0, 0
1, 6.3798, -4.6752e-08, -1.8158e-08, 0, 0
1, 1.6823, -2.7841e-08, 7.6459e-09, 0, 0
1, 13.769, 2.1147e-08, -2.1164e-08, 0, 0
1, 53.91, -6.1596e-09, 3.9134e-08, 0, 0
1, 435.34, 2.3097e-08, 3.6625e-08, 0, 0
1, 1914.7, 2.1915e-08, -1.9535e-08, 0, 0
1, 6.9993e+05, -1.0002e-07, -3.986e-08, 0, 0
1, 2.4375e+07, -4.5483e-10, 4.8043e-08, 0, 0
1, 5.2144, 2.3342e-08, 2.607e-08, 0, 0
1, 1450.5, 8.7493e-09, -2.9712e-08, 0, 0
1, 277.62, -4.0694e-08, 3.4175e-08, 0, 0
1, 6.658, -2.8287e-08, -2.7752e-08, 0, 0
1, 0.59306, 3.6068e-08, -1.5046e-08, 0, 0
1, 3.5769e+06, 3.2041e-08, 3.997e-09, 0, 0
1, 1.5142e+08, 5.0407e-08, -4.4595e-08, 0, 0
1, 7.1121e+07, -1.6943e-08, -3.7012e-08, 0, 0
1, 2383.2, 5.9063e-07, -5.4712e-07, 0, 0
1, 0.26838, 3.3706e-08, -1.2646e-08, 0, 0
1, 5432.9, -7.2287e-09, -2.7616e-08, 0, 0
1, 8.6773e+06, -1.0881e-08, 2.8981e-08, 0, 0
1, 1.9497e+05, 4.2326e-08, -1.9916e-08, 0, 0
1, 4.8283e+07, 3.253e-09, 5.5736e-08, 0, 0
1, 60.272, 6.2824e-08, -1.0202e-09, 0, 0
1, 6.0067, -9.1652e-09, -3.0454e-08, 0, 0
1, 1189.4, 1.4652e-08, -3.1781e-08, 0, 0
1, 1.1072e+07, -1.5488e-07, 2.6066e-08, 0, 0
1, 16359, -8.3861e-08, -5.3452e-08, 0, 0
1, 9.1694, -3.4229e-08, 2.4852e-08, 0, 0
1, 3845.6, -6.2259e-08, -5.3236e-08, 0, 0
1, 16859, -4.3614e-09, 5.4464e-08, 0, 0
1, 34610, 5.9868e-08, 3.8604e-08, 0, 0
1, 5516.5, 3.3034e-08, 5.4045e-09, 0, 0
1, 1.3587e+07, -2.7266e-08, -1.3327e-08, 0, 0
1, 1.2504e+09, -6.388e-09, 3.8643e-08, 0, 0
1, 3.0692e+09, -6.5023e-08, -1.8025e-08, 0, 0
1, 10.218, -1.7514e-08, -2.9304e-08, 0, 0
1, 1279.7, -3.178e-08, -3.4556e-08, 0, 0
1, 1.4165e+09, -1.6563e-08, -3.9049e-08, 0, 0
1, 15483, -2.5015e-08, -1.9845e-08, 0, 0
1, 3.4741e+07, -8.5741e-08, 6.5737e-08, 0, 0
1, 6.403, 2.2305e-08, -7.2652e-08, 0, 0
1, 9.2748e+05, -1.1346e-08, 2.751e-08, 0, 0
1, 1.423e+06, 2.3159e-08, -4.9772e-08, 0, 0
1, 3.598, -1.4784e-07, 1.6874e-07, 0, 0
1, 3.4882e+05, 1.5669e-08, 8.5211e-08, 0, 0
1, 1.2237e+09, 2.9655e-07, 3.6779e-07, 0, 0
1, 55470, -7.4664e-09, -4.8169e-08, 0, 0
1, 10035, 2.3642e-08, -1.9047e-08, 0, 0
1, 1.0352e+06, 2.7524e-08, -2.0349e-08, 0, 0
1, 57884, -2.2739e-08, -2.8886e-08, 0, 0
1, 1.2413, 2.6179e-08, -1.1127e-08, 0, 0
1, 257.34, 4.6475e-08, -5.5017e-09, 0, 0
1, 2757.7, 4.1236e-08, 6.8841e-09, 0, 0
1, 3.3198e+05, -9.7398e-09, 3.074e-08, 0, 0
1, 1.9305e+05, 1.7651e-08, 5.6229e-08, 0, 0
1, 416.91, -1.0235e-08, 3.1923e-08, 0, 0
1, 1.7324e+08, 7.4959e-08, 3.7788e-08, 0, 0
1, 3.4747e+07, -1.7353e-08, 3.2913e-08, 0, 0
1, 0.74776, -6.7672e-08, 2.4413e-08, 0, 0
1, 3.1477e+08, -7.3367e-07, 2.2007e-06, 0, 0
1, 3.8545e+06, -2.9155e-08, -1.0297e-08, 0, 0
1, 733.97, 6.2752e-08, 6.677e-08, 0, 0
1, 62.035, -4.113e-09, 6.3969e-08, 0, 0
1, 1.4061e+06, 4.9103e-08, -7.1766e-10, 0, 0
1, 1.8235e+09, 1.3965e-08, -3.2945e-08, 0, 0
1, 6.1853e+09, 1.121e-08, -8.1949e-08, 0, 0
1, 1.2945, -5.8239e-08, 3.4437e-08, 0, 0
1, 44771, -2.4547e-08, 1.4933e-08, 0, 0
1, 437.3, 1.9081e-08, -2.3788e-08, 0, 0
1, 8.775e+07, -8.225e-08, 1.0265e-08, 0, 0
1, 11185, 3.2962e-08, 5.7191e-10, 0, 0
1, 1.6955e+09, 3.3252e-08, -1.2569e-08, 0, 0
1, 1.6338e+08, -2.7633e-08, -1.7359e-08, 0, 0
1, 9.877e+06, -3.3436e-08, 1.4233e-08, 0, 0
1, 5.7288e+06, -2.7422e-08, 7.8246e-09, 0, 0
1, 1.056e+09, -2.8806e-08, -8.4984e-09, 0, 0
1, 44855, 2.3159e-08, 5.5525e-08, 0, 0
1, 1.0884e+09, -3.3006e-08, -6.2519e-09, 0, 0
1, 0.97499, -3.0987e-08, -8.9847e-09, 0, 0
1, 13162, -3.2899e-09, 3.72e-08, 0, 0
1, 214.97, -2.9459e-08, -1.5541e-08, 0, 0
1, 7.4574e+08, -1.818e-08, 2.2387e-08, 0, 0
1, 5.2575e+06, 3.2322e-08, 5.7473e-08, 0, 0
1, 1.0936e+07, 6.4632e-08, 2.7001e-08, 0, 0
1, 2.398e+07, 7.196e-10, 5.3852e-08, 0, 0
1, 63403, 3.3914e-08, 8.7759e-08, 0, 0
1, 5.0463e+06, -7.8353e-09, -4.2401e-08, 0, 0
1, 1.5725e+05, -3.6345e-08, 8.1301e-09, 0, 0
1, 0.23028, 5.8483e-09, -2.928e-08, 0, 0
1, 10.491, -3.0394e-08, 5.7345e-09, 0, 0
1, 32037, 1.3111e-08, -3.8867e-08, 0, 0
1, 4.8326e+08, -3.7239e-08, -1.858e-08, 0, 0
1, 7.5037e+06, 2.6387e-09, 3.0655e-08, 0, 0
1, 2.8261e+05, 2.4852e-08, -4.0817e-08, 0, 0
1, 9.2469e+07, -3.4612e-08, -1.4864e-09, 0, 0
1, 8789, 1.9383e-08, 2.5567e-08, 0, 0
1, 6.8317e+07, 1.818e-08, 2.9714e-08, 0, 0
1, 5.7129e+06, -2.829e-08, -1.2784e-09, 0, 0
1, 1.3367e+07, 2.301e-08, -1.7663e-08, 0, 0
1, 16939, -1.9565e-08, -2.9798e-08, 0, 0
1, 5.3503e+06, 3.481e-08, 2.5107e-09, 0, 0
1, 0.97277, -1.3467e-08, 3.7347e-08, 0, 0
1, 14.865, 4.4634e-08, -9.866e-08, 0, 0
1, 1.2844e+09, 3.3559e-08, 6.9122e-09, 0, 0
1, 0.95515, 4.5852e-08, 1.5773e-08, 0, 0
1, 3.368e+09, -2.7896e-08, 2.231e-08, 0, 0
1, 7699.5, 3.943e-08, 1.4105e-09, 0, 0
1, 0.49139, -1.3883e-08, -3.1442e-08, 0, 0
1, 3.4165e+07, 3.052e-08, 1.4453e-08, 0, 0
1, 1.3979e+07, -3.3113e-08, -2.3799e-08, 0, 0
1, 5.56e+06, -4.0699e-08, -2.4008e-08, 0, 0
1, 10.813, 1.7367e-08, 2.6707e-08, 0, 0
1, 8.8022e+06, 6.8625e-09, 3.5664e-08, 0, 0
1, 1.761e+07, -3.4544e-08, -1.8587e-09, 0, 0
1, 0.95579, -4.1479e-08, -2.5304e-08, 0, 0
1, 9942.5, -7.3913e-08, -8.1731e-08, 0, 0
1, 0.69262, 3.2262e-08, 1.8916e-08, 0, 0
1, 1.1719e+06, 3.9396e-08, 1.4637e-08, 0, 0
1, 2.931e+05, -2.5093e-08, -3.1533e-08, 0, 0
1, 43670, 3.4424e-08, -2.5573e-08, 0, 0
1, 2.8589e+07, -2.0579e-08, -3.2361e-08, 0, 0
1, 14141, -1.9172e-08, -3.2355e-08, 0, 0
1, 0.85601, -4.0518e-08, -1.0668e-08, 0, 0
1, 79.222, 1.7379e-08, 3.2256e-08, 0, 0
1, 2071.9, 4.5115e-09, -3.2527e-08, 0, 0
1, 146.38, 7.0082e-08, 4.1085e-09, 0, 0
1, 502.52, -3.0126e-08, 1.7935e-08, 0, 0
1, 2.8142e+08, -4.9313e-08, -2.546e-08, 0, 0
1, 1.6513, 3.795e-09, -3.6059e-08, 0, 0
1, 2.6567, 3.2129e-09, 4.047e-08, 0, 0
1, 117.1, 2.6875e-08, -1.1943e-08, 0, 0
1, 116.1, 4.3063e-08, -2.6306e-08, 0, 0
1, 29879, 1.1194e-08, 4.0513e-08, 0, 0
1, 88860, 2.9683e-08, 6.1104e-08, 0, 0
1, 1.0502, 2.4316e-07, 3.3068e-07, 0, 0
1, 2.324, 2.0144e-08, 1.0215e-07, 0, 0
1, 108.3, -2.9386e-07, -2.8426e-07, 0, 0
1, 49442, -8.8949e-09, -3.9145e-08, 0, 0
1, 4.5809e+08, -4.1627e-08, -8.5473e-09, 0, 0
1, 1.0857e+07, -2.9408e-08, 2.3774e-08, 0, 0
1, 111.6, -1.9776e-07, 5.6004e-08, 0, 0
1, 12192, 1.4184e-08, 2.4633e-08, 0, 0
1, 44786, -2.6106e-08, -6.7038e-08, 0, 0
1, 9.6741e+08, 3.2953e-08, -1.0286e-08, 0, 0
1, 5.527e+07, 2.1057e-08, 3.2295e-08, 0, 0
1, 43334, 3.977e-08, -2.7156e-08, 0, 0
1, 4.0031e+05, 2.1103e-08, 2.3087e-08, 0, 0
1, 0.37825, 3.2647e-08, 2.3424e-08, 0, 0
1, 5.6869e+08, -3.617e-08, -7.7625e-09, 0, 0
1, 12138, 1.2555e-08, 4.4915e-08, 0, 0
1, 5.9466e+07, 8.1959e-08, -4.0008e-08, 0, 0
1, 78169, 2.6901e-09, 3.0527e-08, 0, 0
1, 2.1907e+08, -6.5204e-08, 1.2187e-08, 0, 0
1, 0.13336, -1.9354e-08, -2.4968e-08, 0, 0
1, 5.317e+06, 7.3202e-08, -8.2907e-09, 0, 0
1, 43.34, 1.3607e-08, 3.1766e-08, 0, 0
1, 2.2918, 2.8859e-08, 4.9196e-08, 0, 0
1, 21.721, -8.6013e-08, -1.4408e-08, 0, 0
1, 6.0389, -2.9963e-08, -2.6311e-08, 0, 0
1, 2.1267, -4.162e-08, 1.7598e-08, 0, 0
1, 3.2575, -5.5592e-08, 4.9377e-08, 0, 0
1, 2.1067e+06, 5.843e-08, -2.7345e-08, 0, 0
1, 4665.7, -7.9748e-09, 6.3882e-08, 0, 0
1, 1938.2, -6.886e-10, -2.9093e-08, 0, 0
1, 71431, -1.9609e-08, 2.1309e-08, 0, 0
1, 7.4717, -2.945e-09, -3.1038e-08, 0, 0
1, 1.3745e+06, -2.5326e-08, -3.1596e-08, 0, 0
1, 1034.7, 3.3886e-08, 3.1034e-08, 0, 0
1, 289.08, 3.9351e-08, 9.3087e-09, 0, 0
1, 543.47, 1.3649e-08, -5.2798e-08, 0, 0
1, 122.09, 5.8895e-08, -1.2369e-07, 0, 0
1, 1.2259e+06, 2.3613e-08, -1.8357e-08, 0, 0
1, 1.4947e+06, 3.6292e-08, -1.4722e-08, 0, 0
1, 2.178e+08, 4.1458e-08, -1.3566e-08, 0, 0
1, 2.3914e+09, -4.4731e-08, 1.8932e-08, 0, 0
1, 741.64, 4.1743e-08, -3.0863e-08, 0, 0
1, 327.94, -1.8316e-08, 2.5314e-08, 0, 0
1, 4.7538, -3.1369e-09, 3.0515e-08, 0, 0
1, 4.9662, -1.9959e-08, 8.422e-08, 0, 0
1, 9716.7, 3.3573e-08, -4.796e-08, 0, 0
1, 199.41, -1.5647e-08, -6.5564e-08, 0, 0
1, 2.9195e+08, 3.1935e-08, -5.8416e-09, 0, 0
1, 1124.8, -2.4705e-08, 3.2857e-08, 0, 0
1, 3371.9, 8.5276e-09, 3.4535e-08, 0, 0
1, 85661, -6.2494e-09, -3.4847e-08, 0, 0
1, 12.715, -9.0545e-08, -8.5662e-11, 0, 0
1, 4040.8, 1.3647e-08, 3.0709e-08, 0, 0
1, 157.86, -1.2801e-08, -3.4706e-08, 0, 0
1, 7.3918, -2.0378e-06, -2.7815e-06, 0, 0
1, 1.0257, -9.3294e-09, -3.9367e-08, 0, 0
1, 1.495e+09, 3.2606e-08, 5.0557e-09, 0, 0
1, 5.1089, 2.8847e-08, -1.2366e-08, 0, 0
1, 289.55, 1.0289e-08, 3.0198e-08, 0, 0
1, 1.6945e+09, 3.1948e-08, -1.8598e-08, 0, 0
1, 5.4953, -2.2157e-09, 3.064e-08, 0, 0
1, 8956.3, 2.9306e-08, -1.1393e-08, 0, 0
1, 4.8953e+07, 3.5067e-08, 1.2878e-08, 0, 0
1, 1.6336e+06, 5.3584e-09, 8.2152e-08, 0, 0
1, 36934, 2.4514e-08, -1.4921e-08, 0, 0
1, 1.4794, 3.377e-09, 2.8429e-08, 0, 0
1, 14139, -2.3624e-08, -2.4607e-08, 0, 0
1, 1.919e+05, -4.2378e-09, -3.3436e-08, 0, 0
1, 1.7382e+07, -2.9216e-08, -3.3727e-08, 0, 0
1, 1.2097e+05, -6.6759e-08, 7.2218e-08, 0, 0
1, 0.84271, -2.9371e-08, 1.8872e-08, 0, 0
1, 1.4075e+05, -6.8343e-09, 3.2805e-08, 0, 0
1, 4.9861e+07, 7.904e-08, 1.3291e-07, 0, 0
1, 3.7688, 3.9716e-08, 7.0081e-09, 0, 0
1, 2690.7, 4.7594e-09, -2.8856e-08, 0, 0
1, 8.5011e+05, 4.5958e-08, -5.2371e-09, 0, 0
1, 3.3745e+08, -5.2177e-08, -4.7677e-09, 0, 0
1, 483.95, 3.4239e-08, 1.9698e-07, 0, 0
1, 2.464, 8.9057e-09, -3.151e-08, 0, 0
1, 1.3775e+08, -2.3471e-08, -2.4792e-08, 0, 0
1, 8.3603, -3.1812e-08, -8.7014e-09, 0, 0
1, 1.6526, 2.5339e-08, 3.2839e-08, 0, 0
1, 2.4589e+05, -8.945e-09, -5.7516e-08, 0, 0
1, 7.1899, -4.4049e-08, -2.0338e-08, 0, 0
1, 87.277, 4.9997e-08, 2.1899e-08, 0, 0
1, 4.5778e+07, -1.7649e-09, 3.7019e-08, 0, 0
1, 1.9622e+08, 1.6623e-08, 2.5212e-08, 0, 0
1, 2.4963e+06, 3.3633e-08, -4.395e-08, 0, 0
1, 2.3184e+07, -3.8698e-08, -7.8365e-09, 0, 0
1, 9.1389e+06, -1.2489e-08, 3.2998e-08, 0, 0
1, 44.93, -2.5267e-08, -4.835e-08, 0, 0
1, 8.5859e+06, 9.6992e-09, 2.8798e-08, 0, 0
1, 2.4959e+08, -1.9271e-08, 1.0045e-07, 0, 0
1, 22495, 4.7164e-09, 3.6185e-08, 0, 0
1, 24517, -7.1928e-10, -3.7484e-08, 0, 0
1, 5.9921, -2.9427e-08, 9.0548e-08, 0, 0
1, 4.0999e+07, 9.6053e-08, -7.911e-09, 0, 0
1, 3.7139e+05, -5.2491e-08, 1.6936e-09, 0, 0
1, 1.43e+05, -7.6403e-08, -4.1574e-08, 0, 0
1, 1.7613e+05, 3.0543e-08, -8.7187e-08, 0, 0
1, 1.1949e+09, -4.1922e-09, -4.8511e-08, 0, 0
1, 5.2397e+05, -9.1116e-09, -3.6802e-08, 0, 0
1, 3.4502e+06, 6.8715e-08, 3.5673e-08, 0, 0
1, 4.7044e+05, -1.0947e-07, -1.2746e-07, 0, 0
1, 4.5658e+05, 5.6808e-08, -4.0356e-08, 0, 0
1, 52027, -8.7762e-09, -3.0054e-08, 0, 0
1, 0.53015, -1.4078e-08, -5.9019e-08, 0, 0
1, 5.6784e+06, 3.0404e-08, 1.1352e-08, 0, 0
1, 0.23304, 5.1661e-08, -3.4717e-09, 0, 0
1, 22.803, 5.1655e-08, 3.0604e-08, 0, 0
1, 43439, -3.2138e-08, 1.4253e-09, 0, 0
1, 4.1688e+06, 3.1475e-08, 1.1603e-08, 0, 0
1, 219.65, 9.2201e-08, 5.494e-08, 0, 0
1, 459.27, -6.1202e-10, -3.0392e-08, 0, 0
1, 32.825, 2.882e-08, 2.0496e-08, 0, 0
1, 55.774, 2.268e-08, -2.0422e-08, 0, 0
1, 5.4242e+06, -2.1509e-08, -2.7653e-08, 0, 0
1, 1.7462, -3.8569e-08, 4.9872e-08, 0, 0
1, 32521, -3.8236e-08, -1.0461e-08, 0, 0
1, 10.324, -5.1863e-08, 2.4401e-08, 0, 0
1, 1425.5, -2.6137e-08, -1.8605e-08, 0, 0
1, 5.8739e+08, -2.8174e-08, -2.0667e-09, 0, 0
1, 6.1733e+07, 5.4993e-09, -3.0721e-08, 0, 0
1, 9271.3, 3.6776e-08, 4.333e-09, 0, 0
1, 272.39, 2.5192e-08, -2.7029e-08, 0, 0
1, 0.21073, -4.3768e-08, 2.7714e-09, 0, 0
1, 5.7518e+07, 2.0542e-08, 2.9053e-08, 0, 0
1, 1661, 1.8171e-08, -2.8154e-08, 0, 0
1, 350.24, -3.2062e-08, -9.4862e-09, 0, 0
1, 1.5766e+06, -7.8322e-09, 3.6376e-08, 0, 0
1, 12.277, 1.9036e-08, 2.2364e-08, 0, 0
1, 4.8826, 2.3506e-08, -2.0526e-08, 0, 0
1, 6.5602e+05, 2.6244e-08, 3.2351e-08, 0, 0
1, 1.5945e+07, 2.3553e-08, -4.6331e-08, 0, 0
1, 2.6784, -3.5026e-08, 1.8992e-09, 0, 0
1, 3.9335e+05, 3.2668e-08, 1.8837e-08, 0, 0
1, 73589, 1.364e-08, 3.6278e-08, 0, 0
1, 0.4072, -4.4791e-08, 1.0475e-08, 0, 0
1, 1919.8, -4.9516e-08, -5.5322e-09, 0, 0
1, 4.0127e+09, -6.9098e-08, 4.9304e-08, 0, 0
1, 11.721, 4.1424e-08, -2.9028e-09, 0, 0
1, 88.656, -3.0054e-08, -7.8905e-09, 0, 0
1, 2.7501e+05, -3.6395e-09, 3.3604e-08, 0, 0
1, 1946.4, -3.016e-08, -1.3594e-08, 0, 0
1, 2.647, -2.1269e-09, -3.8774e-08, 0, 0
1, 5.1918e+09, 2.0026e-08, 3.2709e-08, 0, 0
1, 1.3246e+06, 3.1767e-09, 3.7225e-08, 0, 0
1, 1.0009e+06, 2.0319e-08, -2.3511e-08, 0, 0
1, 9.8883e+05, 1.4326e-08, 7.2543e-08, 0, 0
1, 2.2301e+06, 4.2362e-08, 2.1411e-09, 0, 0
1, 3.8973e+07, 1.8241e-08, -2.2699e-08, 0, 0
1, 2.8573, -2.9636e-08, 1.772e-09, 0, 0
1, 6.9489e+07, 2.6709e-08, 1.832e-08, 0, 0
1, 1.3152e+08, -1.7429e-08, 3.9674e-08, 0, 0
1, 5.9762e+06, -7.3494e-09, -4.0539e-08, 0, 0
1, 0.87317, 1.1903e-09, -4.1514e-08, 0, 0
1, 7.8742e+07, 1.6311e-08, -2.5452e-08, 0, 0
1, 1.4522e+08, -1.7587e-08, 4.8037e-08, 0, 0
1, 3.7975e+05, -1.2637e-07, 5.0866e-09, 0, 0
1, 0, 0, 0, 0, 3.9925e-320
1, 0, 4.6294e-321, 0, 0.022546, -3.5901e-17
1, 0, 0, 0, -3421.7, 47884
1, 0, 0, 0, -980.34, 35033
1, 0, 0, 0, -512.46, 29788
1, 0, 0, 0, -220.72, 24132
1, 0, 0, 0, -17.221, 12761
1, 0, 0, 4.6294e-321, -5.0603, 9381
1, 0, 0, 0.00024235, -1.2707, 6642.8
1, 0, 0.0060214, 0, -0.55846, 5409
1, 0, -nan, 4.4833e-11, 4223.6, -46.518
1, 0, 0, 0, 5826, 2137.4
1, 0, 4.2828e-09, 1.2165e-09, -4396.5, 397.45
1, 0, 2.4996e-09, 1.0492e-09, -6167.4, 9525.8
1, 0, 5.9419e-08, 4.6294e-321, 3009.6, -4813.6
1, 0, 0, 0, 2488.1, -4090.5
1, 0, 0, 0, 4159.6, 3493.6
1, 0, 0, 0, 1455.9, -11812
1, 0, 0, 0, -2445.3, 3694.7
1, 0, 0, 0, 6260.2, -4136.2
1, 0, 0, 0, -5520, -1509.6
1, 0, 0, 1.9389e-11, -4175.7, -2566.8
1, 0, 0.001151, 2.2115e-08, -1445.9, 5830
1, 0, 2.1152e-05, 8.5042e-05, -94.361, 7240.3
1, 0, 2.0901e-10, 1.2982e-09, -313.15, 6633
1, 0, 0.0096126, 2.1007e-05, 5989.7, -5288.8
1, 0, 3.7275e-11, 1.692e-06, 2563, 7314.7
1, 0, 2.5354e-06, 8.8063e-12, 3053.3, -4671.6
1, 0, 4.5446e-12, 0.0003706, -12330, 3841.3
1, 0, 0.00074052, 1.4367e-10, -4057.8, 10065
1, 0, 0.0020271, 1.7513e-07, 14255, 1096.1
1, 0, 7.8441e-11, 1.452e-08, 233.47, 6678.3
1, 0, 0.00013458, 0.019186, -5400.3, -53.678
1, 0, 0.032355, 0.048751, 5617.4, 20.509
1, 0, 2.4072e-08, 6.5945e-12, 674.76, -4502
1, 0, 2.1235e-08, 2.4262e-05, -7055.8, 2479.4
1, 0, 4.6294e-321, 0, 4849.7, 1602
1, 0, 4.6294e-321, 4.6294e-321, 4607.6, 1402
1, 0, 0, 0, 7934, -3556.3
1, 0, 1.4658e-05, 0.00070725, 4423.3, 9963.1
1, 0, 9.1152e-10, 7.9473e-06, 15780, -5317.6
1, 0, 1.5811e-09, 2.0102e-09, 8079.8, 2765.8
1, 0, 0.0011178, 5.5882e-05, 6448.2, 1173.9
1, 0, 0.00015429, 0.012434, -884.13, 4804.7
1, 0, 1.7604e-09, 7.9736e-06, 778.31, 7802
1, 0, 2.2728e-07, 0.0021339, -6046.3, 3352.9
1, 0, 1.2248e-09, 3.6294e-06, 3849.7, 2111.8
1, 0, 3.6899e-10, 5.1911e-10, 3714.6, -5228.8
1, 0, 8.9375e-05, 7.555e-06, -3368.8, 3491.2
1, 0, 5.2112e-13, 1.2013e-07, -4040.3, -10467
1, 0, 8.1456e-08, 1.0665e-08, 3474.5, -6559.2
1, 0, 2.2864e-08, 0.0014204, 2678.6, -7194.5
1, 0, 0.00073254, 1.8976e-07, -4099.1, 3106.1
1, 0, 1.3762e-11, 6.3105e-09, -6121.2, -38.216
1, 0, 0.0010412, 1.5652e-10, 20930, 1877.1
1, 0, 2.8032e-10, 8.8694e-08, -4238.1, 164.62
1, 0, 0.00065737, 0.00014891, 3405, 2646.4
1, 0, 0.0034244, 9.0946e-08, 4931.1, -2567.6
1, 0, 5.1026e-10, 1.9415e-08, -797.99, -5075
1, 0, 3.0665e-12, 1.1863e-10, 15.973, -4872.8
1, 0, 1.3446e-06, 2.2171e-06, -805.23, -5390
1, 0, 1.4375e-11, 4.7734e-12, -4471.9, -4405.5
1, 0, 9.0434e-07, 9.1245e-05, -3074.9, -3131
1, 0, 9.5511e-12, 0.00022475, -8810.7, -7943.8
1, 0, 0.00044675, 4.1429e-12, -429, -6340.5
1, 0, 4.1079e-09, 1.1544e-07, -7263.9, 154.62
1, 0, 2.0175e-11, 5.5965e-11, -5475.4, 2874.7
1, 0, 3.3536e-08, 2.5171e-10, 2192.1, 4105
1, 0, 7.6656e-08, 5.9602e-06, -4529, -3355.3
1, 0, 6.0341e-08, 1.4086e-10, 3800.9, 3619.4
1, 0, 4.6432e-10, 1.3289e-11, -1890.6, 3847.4
1, 0, 6.0663e-11, 5.0341e-08, -4212.9, 1519.4
1, 0, 8.132e-10, 1.8111e-12, -5102.5, 1076.3
1, 0, 3.7864e-07, 4.6064e-10, -5116.9, -1323.6
1, 0, 0.00050421, 0.0010113, 464.44, 4710.9
1, 0, 1.0099e-08, 0.0071132, 2417.3, 6763
1, 0, 0.0029839, 0.0037085, 264.74, 5028
1, 0, 3.8562e-11, 6.3157e-09, 2000.8, -5979.1
1, 0, 2.7147e-09, 2.278e-07, 4499.6, 774.9
1, 0, 6.6424e-10, 5.6522e-10, 4278.2, -1389.6
1, 0, 1.0143e-09, 1.4681e-08, 4059.7, 2163.1
1, 0, 9.6671e-08, 2.3948e-11, -2698.2, 3243.8
1, 0, 1.3661e-05, 0.00082953, 3507.6, 5349.3
1, 0, 7.1238e-10, 1.1571e-05, 8608.9, -3093.7
1, 0, 7.8543e-10, 9.386e-09, 904.59, -4702.6
1, 0, 0.00013623, 6.125e-09, -2353.9, 14894
1, 0, 0.02074, 0.00020426, -812.79, -4461.9
1, 0, 1.2473e-07, 0.0019733, 4569.5, -4465.1
1, 0, 3.6597e-09, 1.0627e-09, 7684.8, -18213
1, 0, 2.9325e-12, 1.0757e-09, 4697.4, 10730
1, 0, 6.2565e-06, 3.381e-12, 9633.5, -1459.3
1, 0, 3.6974e-10, 4.1183e-05, -4178.9, -4057.9
1, 0, 0.0059715, 0.0009525, 1201.9, -4428.6
1, 0, 3.6654e-11, 0.0015993, -8164.4, 3457.4
1, 0, 1.472e-09, 3.6381e-08, 4453.9, -1105.5
1, 0, 6.0313e-07, 5.2906e-11, -4231.1, 782.17
1, 0, 1.4131e-11, 5.3256e-11, 3961.1, -5316.9
1, 0, 3.2681e-06, 0.0080406, -2687.6, -3716.8
1, 0, 1.0066e-07, 1.519e-08, -4512.3, -3453.9
1, 0, 5.9797e-05, 4.6606e-12, 944.5, -5920.3
1, 0, 9.1423e-10, 5.597e-05, 1740.5, 4574.3
1, 0, 1.561e-07, 3.3191e-07, -3547, 5385.9
1, 0, 1.8516e-09, 6.2528e-10, 4777.4, 812.36
1, 0, 2.554e-10, 3.1054e-06, -7758.8, -10408
1, 0, 0.025396, 2.4381e-05, -4404.5, -6710.6
1, 0, 0.0016316, 5.8506e-09, -17168, -18394
1, 0, 9.6724e-12, 4.2646e-11, -5818.2, -1400.2
1, 0, 1.1245e-11, 9.204e-11, -4577.5, 1164.8
1, 0, 3.6036e-10, 2.91e-09, -11207, -4933.8
1, 0, 1.2799e-08, 4.6787e-06, -358.81, 4235.2
1, 0, 0.00016293, 3.4856e-11, 2616.6, 4865.3
1, 0, 9.6956e-09, 1.8557e-09, -35.759, 5543.3
1, 0, 4.4505e-11, 3.9643e-12, 2833.9, -3117.3
1, 0, 2.391e-05, 0.0010122, 3525.4, -3112
1, 0, 0.00047541, 1.5931e-08, -5118.2, 353.83
1, 0, 1.794e-12, 3.6316e-08, 10647, 5126
1, 0, 5.8004e-05, 1.3033e-06, -2137.1, -4784.1
1, 0, 0.00032274, 4.0289e-10, -975.3, 18702
1, 0, 4.0152e-11, 7.9506e-09, 9761, 3184.2
1, 0, 7.4012e-05, 1.0935e-07, -4300.8, -6967.1
1, 0, 6.1293e-11, 2.5706e-08, -9826.9, -3037.6
1, 0, 1.1269e-07, 2.3135e-07, -597.76, -5244.8
1, 0, 3.6875e-08, 9.082e-05, -4045.9, -2564
1, 0, 0.0083581, 0.020516, -387.7, -4316.1
1, 0, 6.8301e-11, 8.5539e-09, -4109, -1510.8
1, 0, 0.0094688, 1.035e-07, -514.17, -4351.5
1, 0, 0.00023223, 4.2801e-11, -4318, 4667.8
1, 0, 6.1998e-06, 9.5124e-06, 4186.2, 2250.8
1, 0, 2.4051e-11, 2.3317e-06, 4059.6, 1290.9
1, 0, 0.0081796, 3.7079e-07, 1623.7, -6170.4
1, 0, 6.7079e-08, 6.9201e-06, 4217.2, -1503.2
1, 0, 3.8692e-07, 8.2975e-12, -26814, -20682
1, 0, 1.7202e-09, 1.8434e-08, 10553, 8098.9
1, 0, 2.2192e-06, 1.2904e-06, -14353, 686.46
1, 0, 2.7868e-09, 0.001158, -3462.3, -11251
1, 0, 0.00023226, 4.9984e-12, -1811.9, -9605.3
1, 0, 0.0021041, 2.5765e-05, 1519.4, 5926.8
1, 0, 4.9062e-09, 4.1467e-10, 5959.4, 16152
1, 0, 9.3993e-06, 0.012189, -764.23, -4563.7
1, 0, 0.041346, 8.653e-12, -4779.8, 2016.7
1, 0, 2.9927e-07, 2.9231e-09, 9585.6, -40784
1, 0, 0.00058657, 7.4768e-08, -332.33, 4284.3
1, 0, 0.011333, 0.0010921, 6153.1, 9133.8
1, 0, 6.6023e-05, 3.8294e-05, 3903.4, 3264.6
1, 0, 0.0070587, 2.9983e-07, -13484, 6665.1
1, 0, 0.0072757, 6.5173e-12, -4474.4, -1542.8
1, 0, 8.7982e-08, 1.4369e-09, 4713.8, 1291.5
1, 0, 0.0049849, 3.5144e-05, 7162.4, 3018.8
1, 0, 7.3103e-05, 0.0001603, 4687.1, 486.68
1, 0, 4.2382e-07, 3.3732e-05, -3194.1, 2793.3
1, 0, 1.0512e-06, 1.5393e-12, -3490.4, 2847.1
1, 0, 7.0127e-11, 2.1415e-07, 4954.5, 3814.8
1, 0, 0.0032304, 5.0158e-05, 6273, 996.08
1, 0, 1.8891e-06, 0.00061811, -1565.9, -4253.5
1, 0, 5.875e-08, 0.00045667, 3183.8, -3561.2
1, 0, 3.8188e-05, 8.9351e-05, 5811.3, -679.94
1, 0, 1.1323e-07, 3.5764e-05, 6116.5, -681.28
1, 0, 6.5025e-12, 9.9367e-11, -2004, 11059
1, 0, 0.0085855, 6.3847e-12, -7246.4, 6190.3
1, 0, 0.022513, 5.1467e-08, 4124.8, -4301.8
1, 0, 3.2847e-12, 0.00022837, 3735.8, -2198.7
1, 0, 9.344e-05, 3.7166e-05, 1204.1, 4699.4
1, 0, 7.2279e-11, 5.8838e-05, 4296.6, 2315.3
1, 0, 0.00011771, 6.389e-12, -5053.4, 1095.1
1, 0, 6.646e-08, 4.6298e-12, -4009.2, 2152.9
1, 0, 7.8334e-06, 1.9592e-06, 2251.6, -4361.9
1, 0, 2.9191e-07, 0.0001911, -862.01, 4951.3
1, 0, 9.4522e-08, 5.722e-12, -4522.6, 973.61
1, 0, 5.2956e-10, 1.385e-08, -6433, 4214.1
1, 0, 9.7849e-10, 3.3591e-09, -4285.3, -7380.7
1, 0, 0.0018811, 1.1038e-11, -4551.8, 9198.9
1, 0, 1.7758e-11, 7.8274e-10, 4644.8, -1255.1
1, 0, 7.7606e-10, 1.9973e-07, -4361.3, 96.63
1, 0, 5.9398e-07, 7.0198e-12, 6854, -3565
1, 0, 1.5535e-11, 7.2394e-10, -4279.3, -10442
1, 0, 3.305e-07, 0.0030621, -5162.8, 3588.2
1, 0, 7.257e-05, 7.4601e-10, 78.719, 4337.9
1, 0, 8.1501e-08, 2.9937e-07, 3277.1, 6669.1
1, 0, 0.0064666, 0.00036946, 8684.1, 2347.1
1, 0, 2.8967e-07, 2.6759e-06, -4921.2, -2213.4
1, 0, 2.5284e-12, 0.0038014, 6168.9, -15151
1, 0, 8.1138e-08, 0.0003975, 5561.4, 2934.6
1, 0, 5.2252e-07, 0.0014644, 5205.4, 75.29
1, 0, 8.9142e-13, 3.5542e-05, 1997, -4613.5
1, 0, 2.8971e-10, 1.5319e-11, 3862.2, 2769.7
1, 0, 1.4519e-10, 4.0367e-11, 4840.2, -1344.9
1, 0, 1.4216e-11, 2.1775e-11, 1834, 7443.7
1, 0, 1.4082e-05, 3.1188e-08, 4411.3, -2666.3
1, 0, 1.2956e-08, 4.7748e-07, -2969.7, 3207.6
1, 0, 4.9944e-11, 9.1878e-06, 1548.1, -5012.1
1, 0, 6.9162e-09, 1.9324e-09, -6783.9, 2301.5
1, 0, 3.6328e-09, 8.1608e-10, 8360, 1963.1
1, 0, 8.1946e-06, 9.9911e-06, -1101.4, -5346.2
1, 0, 0.0014559, 0.015985, 1334.1, 5394.9
1, 0, 4.9575e-09, 2.1921e-09, -6770.9, 8138.1
1, 0, 3.1777e-11, 3.3197e-11, 3330.7, 5814.7
1, 0, 6.4951e-08, 1.333e-09, -5714.4, -347.35
1, 0, 0.0019515, 7.5186e-09, -3592.5, 7170.2
1, 0, 2.2539e-08, 5.726e-07, 3218.9, -3237.1
1, 0, 8.4996e-11, 2.7011e-08, -964.53, 4939.6
1, 0, 1.0552e-09, 4.941e-11, -6012.3, -12132
1, 0, 6.8561e-12, 0.0099935, -219.37, 11620
1, 0, 3.415e-11, 1.9355e-09, -198.23, 10237
1, 0, 0.011327, 3.6733e-11, -5002.5, 3268.4
1, 0, 5.9868e-08, 0.00032723, -4760.8, -5540.4
1, 0, 1.092e-05, 2.4689e-07, 5089.1, -1621.5
1, 0, 9.8891e-12, 9.4509e-08, -5222.5, -4689.6
1, 0, 1.2827e-06, 0.00011619, -4077.2, 1201.5
1, 0, 8.0865e-07, 5.6331e-12, 3836.3, -2174.8
1, 0, 9.4086e-07, 0.0003333, -7802.9, -243.82
1, 0, 2.5193e-11, 1.7986e-08, 555.7, -4755.4
1, 0, 5.6825e-06, 0.0022557, 912.72, -20011
1, 0, 3.235e-09, 1.6471e-11, -6994.1, -2716.5
1, 0, 0.00092076, 5.5884e-11, -4165, 1143.8
1, 0, 1.1047e-11, 1.6437e-06, 3163.6, -3166.1
1, 0, 4.8061e-11, 5.834e-10, -921.48, 5854.5
1, 0, 0.000306, 0.0013116, 3455.3, 5479.1
1, 0, 1.6687e-05, 0.00015497, 3278.4, -2922.4
1, 0, 6.1089e-05, 3.0033e-10, -14963, -5963.1
1, 0, 5.7392e-05, 0.0016684, -68.043, 7187.2
1, 0, 1.5036e-07, 1.6388e-07, 3491.9, 3900
1, 0, 4.0054e-11, 0.00027406, 1308.9, -4444.9
1, 0, 2.4826e-06, 9.5587e-07, -6087.8, 5112.5
1, 0, 1.1774e-06, 0.0079874, -4231.7, -4151.6
1, 0, 3.5025e-06, 2.3063e-05, 5395.8, -2250.9
1, 0, 3.1446e-06, 3.052e-06, 4793.3, 597.96
1, 0, 3.4778e-07, 3.5438e-12, 7540.9, -6671.5
1, 0, 3.7957e-05, 1.5578e-12, -2534.6, -5537
1, 0, 1.5243e-10, 2.9037e-07, 88359, -81849
1, 0, 2.7867e-05, 1.4682e-09, 5042.4, -1891.8
1, 0, 3.07e-09, 2.1942e-10, -1081.4, -4131.3
1, 0, 3.7282e-10, 3.6258e-05, -1627.8, 4335.5
1, 0, 1.1672e-11, 2.1739e-07, 6332, -2979.4
1, 0, 6.901e-11, 9.5284e-09, 486.66, 8338.1
1, 0, 0.0039264, 0.00041266, 9398.5, -152.63
1, 0, 6.1974e-08, 1.8208e-09, -1371.1, -4555.9
1, 0, 1.4086e-12, 0.00038448, 2191.9, -4754.4
1, 0, 1.1103e-08, 2.3412e-09, -23169, 3899.5
1, 0, 1.0539e-05, 8.2067e-11, -12546, -7996.4
1, 0, 3.2638e-11, 4.3852e-06, -5120.7, 3717.9
1, 0, 0.00010659, 1.7904e-11, -9314, -7964.1
1, 0, 2.6293e-06, 4.9191e-07, -652.46, 8147.8
1, 0, 2.7219e-12, 1.2833e-08, 8956.2, 5775.1
1, 0, 0.026823, 7.8347e-11, 4941.8, 808.52
1, 0, 5.9262e-10, 1.8383e-06, -4079, -1993.7
1, 0, 1.3011e-08, 1.7694e-11, -955.65, 5781
1, 0, 0.034705, 8.854e-06, -9727.5, -2696.6
1, 0, 6.6908e-06, 6.6098e-06, -2620.1, -4383.9
1, 0, 1.4907e-05, 0.00026051, -4754.2, -5169.6
1, 0, 1.91e-11, 0.0004645, -2477.8, -5841.7
1, 0, 0.00087917, 3.9948e-05, -3742.3, -2968.8
1, 0, 5.8367e-12, 0.00052635, -12827, 9834.3
1, 0, 0.0009707, 2.5384e-06, 3336.8, -10869
1, 0, 0, 0, -1697.4, 4115.5
1, 0, 0.00012424, 0.0004336, 3464.7, -7445.9
1, 0, 1.3619e-09, 4.1064e-05, -22116, 25243
1, 0, 4.068e-09, 8.4097e-08, 2344, 12748
1, 0, 5.99e-06, 7.067e-11, 44364, 55022
1, 0, 1.1225e-09, 5.5739e-05, -1117, -7206.1
1, 0, 3.583e-09, 0.042902, 3536.8, -2849.4
1, 0, 2.4893e-12, 3.5012e-12, 4117.6, -3044.3
1, 0, 4.408e-08, 0.00024235, -3401.8, -4321.3
1, 0, 0.0060214, 8.2334e-11, 3916.3, -1664.6
1, 0, 1.0187e-10, 4.4833e-11, 6952.7, -823.06
1, 0, 0.0075355, 0.00061757, 6168.9, 1029.9
1, 0, 4.2828e-09, 1.2165e-09, -1457.1, 4598.7
1, 0, 2.4996e-09, 1.0492e-09, 2640.6, 8411.8
1, 0, 5.9419e-08, 0.029418, -1531.1, 4775.7
1, 0, 4.1068e-11, 3.1823e-05, 11214, 5653.1
1, 0, 0.0039006, 6.1606e-05, -2596, 4923.8
1, 0, 3.2619e-09, 0.00047817, -10124, 3652.2
1, 0, 1.0747e-07, 4.8074e-09, -1.0976e+05, 3.2922e+05
1, 0, 0.00020571, 1.0479e-10, -4361.6, -1540.4
1, 0, 8.7198e-12, 8.5486e-07, 9387.7, 9988.9
1, 0, 3.93e-09, 1.9389e-11, -615.31, 9569.7
1, 0, 0.001151, 2.2115e-08, 7345.9, -107.36
1, 0, 2.1152e-05, 8.5042e-05, 2089.1, -4928.6
1, 0, 2.0901e-10, 1.2982e-09, 1677, -12260
1, 0, 0.0096126, 2.1007e-05, -8712.5, 5151.7
1, 0, 3.7275e-11, 1.692e-06, -3672.3, 2234
1, 0, 2.5354e-06, 8.8063e-12, 2854.4, -3558.7
1, 0, 4.5446e-12, 0.0003706, -12305, 1535.7
1, 0, 0.00074052, 1.4367e-10, 4931.1, 85.558
1, 0, 0.0020271, 1.7513e-07, 4974.4, -1880.3
1, 0, 7.8441e-11, 1.452e-08, -4133.9, -2597
1, 0, 0.00013458, 0.019186, -5002, 2129.3
1, 0, 0.032355, 0.048751, -4102.3, 1170.6
1, 0, 2.4072e-08, 6.5945e-12, -4309.4, -1271.4
1, 0, 2.1235e-08, 2.4262e-05, 3464.6, 8306.5
1, 0, 0.0015029, 3.7016e-10, -4937.8, -935.28
1, 0, 7.9611e-12, 0.0038628, -4635.6, -1344.1
1, 0, 0.044317, 8.2648e-09, -492.17, 5565.1
1, 0, 1.4658e-05, 0.00070725, -4407.1, -2325
1, 0, 9.1152e-10, 7.9473e-06, -2719.8, 3349.1
1, 0, 1.5811e-09, 2.0102e-09, 4835.4, 8598
1, 0, 0.0011178, 5.5882e-05, 9669, 4039.3
1, 0, 0.00015429, 0.012434, 107.65, 8056.2
1, 0, 1.7604e-09, 7.9736e-06, 5073.6, 13129
1, 0, 2.2728e-07, 0.0021339, -1172.2, -6343.2
1, 0, 1.2248e-09, 3.6294e-06, -5437.2, 1216.3
1, 0, 3.6899e-10, 5.1911e-10, 874.9, -4380.2
1, 0, 8.9375e-05, 7.555e-06, -4546.9, 857.87
1, 0, 5.2112e-13, 1.2013e-07, 1961.4, -5814.4
1, 0, 8.1456e-08, 1.0665e-08, -5571, -2779.5
1, 0, 2.2864e-08, 0.0014204, 394.76, 4586
1, 0, 0.00073254, 1.8976e-07, 3717.9, -6106.2
1, 0, 1.3762e-11, 6.3105e-09, -5178, -222.36
1, 0, 0.0010412, 1.5652e-10, 2899.8, 3824.9
1, 0, 2.8032e-10, 8.8694e-08, 2719.7, 4445.2
1, 0, 0.00065737, 0.00014891, -4232.2, -191.25
1, 0, 0.0034244, 9.0946e-08, 3442.3, -2642.4
1, 0, 5.1026e-10, 1.9415e-08, -2926.9, -4457.9
1, 0, 3.0665e-12, 1.1863e-10, 5207.6, 375.61
1, 0, 1.3446e-06, 2.2171e-06, -2014.6, 5587.1
1, 0, 1.4375e-11, 4.7734e-12, 6677.2, -14760
1, 0, 9.0434e-07, 9.1245e-05, 5020.4, 1034.1
1, 0, 9.5511e-12, 0.00022475, 6859.4, 2359.6
1, 0, 0.00044675, 4.1429e-12, -4173.2, 3337.6
1, 0, 4.1079e-09, 1.1544e-07, 5898.7, 211.01
1, 0, 2.0175e-11, 5.5965e-11, -2076.9, -4703.7
1, 0, 3.3536e-08, 2.5171e-10, 4565.9, 2162.1
1, 0, 7.6656e-08, 5.9602e-06, -4953.8, -3560.4
1, 0, 6.0341e-08, 1.4086e-10, -6088.6, -3591.6
1, 0, 4.6432e-10, 1.3289e-11, 2598.1, 3995.3
1, 0, 6.0663e-11, 5.0341e-08, 1026.6, 5335.3
1, 0, 8.132e-10, 1.8111e-12, -5167.7, -278.07
1, 0, 3.7864e-07, 4.6064e-10, -6205.2, -3785.6
1, 0, 0.00050421, 0.0010113, -11057, -12227
1, 0, 1.0099e-08, 0.0071132, 4826.4, 2829.9
1, 0, 0.0029839, 0.0037085, 5893.6, 2189.7
1, 0, 3.8562e-11, 6.3157e-09, -3753.9, -4717.4
1, 0, 2.7147e-09, 2.278e-07, 5149.8, -3825.7
1, 0, 6.6424e-10, 5.6522e-10, -3078.6, -4841.3
1, 0, 1.0143e-09, 1.4681e-08, -2868.1, -4840.3
1, 0, 9.6671e-08, 2.3948e-11, -6061.6, -1595.9
1, 0, 1.3661e-05, 0.00082953, 2599.9, 4825.4
1, 0, 7.1238e-10, 1.1571e-05, 674.92, -4866
1, 0, 7.8543e-10, 9.386e-09, 10484, 614.64
1, 0, 0.00013623, 6.125e-09, -4506.8, 2683.1
1, 0, 0.02074, 0.00020426, -7377.2, -3808.8
1, 0, 1.2473e-07, 0.0019733, 567.73, -5394.4
1, 0, 3.6597e-09, 1.0627e-09, 480.65, 6054.3
1, 0, 2.9325e-12, 1.0757e-09, 4020.6, -1786.7
1, 0, 6.2565e-06, 3.381e-12, 6442.2, -3935.4
1, 0, 3.6974e-10, 4.1183e-05, 1674.6, 6060.7
1, 0, 0.0059715, 0.0009525, 4440.7, 9141.2
1, 0, 3.6654e-11, 0.0015993, 36376, 49470
1, 0, 1.472e-09, 3.6381e-08, 3013.5, 15281
1, 0, 6.0313e-07, 5.2906e-11, -43961, -42526
1, 0, 1.4131e-11, 5.3256e-11, -1330.7, -5856.1
1, 0, 3.2681e-06, 0.0080406, -6227.4, -1278.7
1, 0, 1.0066e-07, 1.519e-08, -4399.5, 3556.6
1, 0, 5.9797e-05, 4.6606e-12, -29584, 8378.2
1, 0, 9.1423e-10, 5.597e-05, 2122, 3685
1, 0, 1.561e-07, 3.3191e-07, -3905.5, -10029
1, 0, 1.8516e-09, 6.2528e-10, 4929.8, -1538.7
1, 0, 2.554e-10, 3.1054e-06, 3150.1, 4831.3
1, 0, 0.025396, 2.4381e-05, 5949.6, -4062.6
1, 0, 0.0016316, 5.8506e-09, 3157, 3453.9
1, 0, 9.6724e-12, 4.2646e-11, 4883.9, 3504.3
1, 0, 1.1245e-11, 9.204e-11, -5411, -1161.3
1, 0, 3.6036e-10, 2.91e-09, 1878.2, 6719.4
1, 0, 1.2799e-08, 4.6787e-06, 12261, -5985.2
1, 0, 0.00016293, 3.4856e-11, 402.44, 4566.8
1, 0, 9.6956e-09, 1.8557e-09, -9754.5, 1823.2
1, 0, 4.4505e-11, 3.9643e-12, -2895.4, -3735.3
1, 0, 2.391e-05, 0.0010122, 10951, -1240.3
1, 0, 0.00047541, 1.5931e-08, 2035.6, 4752.2
1, 0, 1.794e-12, 3.6316e-08, 4317.4, 7359.7
1, 0, 5.8004e-05, 1.3033e-06, -12868, -2155.4
1, 0, 0.00032274, 4.0289e-10, -4482.5, -3936.1
1, 0, 4.0152e-11, 7.9506e-09, -6226.3, 2632.6
1, 0, 7.4012e-05, 1.0935e-07, -8316.6, 7386.7
1, 0, 6.1293e-11, 2.5706e-08, 8741.1, -4090.9
1, 0, 1.1269e-07, 2.3135e-07, -1193, 9556.8
1, 0, 3.6875e-08, 9.082e-05, -103.01, -4352.3
1, 0, 0.0083581, 0.020516, -2933.5, 3187.8
1, 0, 6.8301e-11, 8.5539e-09, -440.57, -4643.3
1, 0, 0.0094688, 1.035e-07, -3788.8, -4726.7
1, 0, 0.00023223, 4.2801e-11, 5069.4, 4642.7
1, 0, 6.1998e-06, 9.5124e-06, 5887, 1392.6
1, 0, 2.4051e-11, 2.3317e-06, 2041.9, -7898.5
1, 0, 0.0081796, 3.7079e-07, 8810.6, -18504
1, 0, 6.7079e-08, 6.9201e-06, 3532.5, -2746.3
1, 0, 3.8692e-07, 8.2975e-12, 5429.2, -2202.5
1, 0, 1.7202e-09, 1.8434e-08, 6202.2, -2029.5
1, 0, 2.2192e-06, 1.2904e-06, -6691.7, 2832.2
1, 0, 2.7868e-09, 0.001158, 6244.8, -4617.1
1, 0, 0.00023226, 4.9984e-12, -2740.1, 3787
1, 0, 0.0021041, 2.5765e-05, -469.28, 4565
1, 0, 4.9062e-09, 4.1467e-10, -2985.8, 12599
1, 0, 9.3993e-06, 0.012189, 5022.5, -7174.8
1, 0, 0.041346, 8.653e-12, -2340.8, -9808.3
1, 0, 2.9927e-07, 2.9231e-09, 4777.5, -873.9
1, 0, 0.00058657, 7.4768e-08, -3695.9, 4915.4
1, 0, 0.011333, 0.0010921, 1275.7, 5166.5
1, 0, 6.6023e-05, 3.8294e-05, -934.91, -5213.1
1, 0, 0.0070587, 2.9983e-07, -13546, -12.815
1, 0, 0.0072757, 6.5173e-12, 2041.5, 4594
1, 0, 8.7982e-08, 1.4369e-09, -1915.1, -5192
1, 0, 0.0049849, 3.5144e-05, -3.0485e+05, -4.1611e+05
1, 0, 7.3103e-05, 0.0001603, -1395.7, -5889.2
1, 0, 4.2382e-07, 3.3732e-05, 4877.9, 756.33
1, 0, 1.0512e-06, 1.5393e-12, 4315.5, -1849.9
1, 0, 7.0127e-11, 2.1415e-07, 1539.2, 4517.6
1, 0, 0.0032304, 5.0158e-05, 4779.4, -2782.3
1, 0, 1.8891e-06, 0.00061811, -331.47, 4583.8
1, 0, 5.875e-08, 0.00045667, 4384.2, -1704.3
1, 0, 3.8188e-05, 8.9351e-05, 5246, 1926.5
1, 0, 1.1323e-07, 3.5764e-05, 801.61, 12290
1, 0, 6.5025e-12, 9.9367e-11, 3667.3, -2232.1
1, 0, 0.0085855, 6.3847e-12, 505.2, 4252.9
1, 0, 0.022513, 5.1467e-08, -3534.2, -3681.2
1, 0, 3.2847e-12, 0.00022837, -633.97, -5002
1, 0, 9.344e-05, 3.7166e-05, -4370.8, -5045.5
1, 0, 7.2279e-11, 5.8838e-05, -9987.1, 10804
1, 0, 0.00011771, 6.389e-12, -4393.9, 2823.2
1, 0, 6.646e-08, 4.6298e-12, -1022.4, 4907.7
1, 0, 7.8334e-06, 1.9592e-06, 11824, 19883
1, 0, 2.9191e-07, 0.0001911, 5941.5, 1048.4
1, 0, 9.4522e-08, 5.722e-12, 712.01, -4316.8
1, 0, 5.2956e-10, 1.385e-08, 6875.3, -783.48
1, 0, 9.7849e-10, 3.3591e-09, -7805.7, -713.24
1, 0, 0.0018811, 1.1038e-11, 5122.1, 29468
1, 0, 1.7758e-11, 7.8274e-10, 1332.3, -4713.8
1, 0, 7.7606e-10, 1.9973e-07, -3511.2, -3708.9
1, 0, 5.9398e-07, 7.0198e-12, -4759.1, -1301.7
1, 0, 1.5535e-11, 7.2394e-10, 3790.7, 4912.7
1, 0, 3.305e-07, 0.0030621, -1338.2, -8604.3
1, 0, 7.257e-05, 7.4601e-10, -6589.7, -3042.5
1, 0, 8.1501e-08, 2.9937e-07, 7479.5, 3276.1
1, 0, 0.0064666, 0.00036946, -264.03, 5538
1, 0, 2.8967e-07, 2.6759e-06, 2486.8, 3771.7
1, 0, 2.5284e-12, 0.0038014, 5031.5, -6574.9
1, 0, 8.1138e-08, 0.0003975, -5789.2, -1172.3
1, 0, 5.2252e-07, 0.0014644, -1868.4, 4936.5
1, 0, 8.9142e-13, 3.5542e-05, -3780, -7233.2
1, 0, 2.8971e-10, 1.5319e-11, 1451, 4308.3
1, 0, 1.4519e-10, 4.0367e-11, -2883, 15028
1, 0, 1.4216e-11, 2.1775e-11, 705.58, 5413.3
1, 0, 1.4082e-05, 3.1188e-08, -107.6, -5607.6
1, 0, 1.2956e-08, 4.7748e-07, -4402.3, 13546
1, 0, 4.9944e-11, 9.1878e-06, 14370, -1183.5
1, 0, 6.9162e-09, 1.9324e-09, -7852.6, 253.37
1, 0, 3.6328e-09, 8.1608e-10, -11430, -6219.5
1, 0, 8.1946e-06, 9.9911e-06, 4569.2, -13043
1, 0, 0.0014559, 0.015985, -627.15, -7257.2
1, 0, 4.9575e-09, 2.1921e-09, -1363.1, -5505.6
1, 0, 3.1777e-11, 3.3197e-11, 10280, 5336.8
1, 0, 6.4951e-08, 1.333e-09, -16377, -19068
1, 0, 0.0019515, 7.5186e-09, 8498.5, -6037.3
1, 0, 2.2539e-08, 5.726e-07, -1312.9, -4496
1, 0, 8.4996e-11, 2.7011e-08, -2106.1, -8829.3
1, 0, 1.0552e-09, 4.941e-11, 4548.4, 1698.3
1, 0, 6.8561e-12, 0.0099935, 7728.4, -519.36
1, 0, 3.415e-11, 1.9355e-09, 7727.6, 4578.3
1, 0, 0.011327, 3.6733e-11, -4807.8, 213.22
1, 0, 5.9868e-08, 0.00032723, 4708.7, 1735.8
1, 0, 1.092e-05, 2.4689e-07, 13793, 8219
1, 0, 9.8891e-12, 9.4509e-08, -91.558, -4546.7
1, 0, 1.2827e-06, 0.00011619, 4311.5, 3066.2
1, 0, 8.0865e-07, 5.6331e-12, 3392.9, -3055.1
1, 0, 9.4086e-07, 0.0003333, -3217.7, -4136.9
1, 0, 2.5193e-11, 1.7986e-08, -5769.9, 7460.8
1, 0, 5.6825e-06, 0.0022557, -5720.2, -1565
1, 0, 3.235e-09, 1.6471e-11, -7758.7, 3650.3
1, 0, 0.00092076, 5.5884e-11, -3910, -2783.3
1, 0, 1.1047e-11, 1.6437e-06, -4214.9, -309.18
1, 0, 4.8061e-11, 5.834e-10, 822.69, -4595.9
1, 0, 0.000306, 0.0013116, 5501.7, 648.21
1, 0, 1.6687e-05, 0.00015497, 3768.8, -4043.6
1, 0, 6.1089e-05, 3.0033e-10, -6547.7, 414.6
1, 0, 5.7392e-05, 0.0016684, 3073.1, 4346.3
1, 0, 1.5036e-07, 1.6388e-07, 2718.4, -4211.9
1, 0, 4.0054e-11, 0.00027406, -4796.5, -1419.1
1, 0, 2.4826e-06, 9.5587e-07, -1171.7, 5441.8
1, 0, 1.1774e-06, 0.0079874, 2847.9, 3345.6
1, 0, 3.5025e-06, 2.3063e-05, 3516.5, -3070.6
1, 0, 3.1446e-06, 3.052e-06, 3926.1, 4839.6
1, 0, 3.4778e-07, 3.5438e-12, 3523.6, -6931.1
1, 0, 3.7957e-05, 1.5578e-12, -5239.8, 284.11
1, 0, 1.5243e-10, 2.9037e-07, 4887.1, 2818
1, 0, 2.7867e-05, 1.4682e-09, 2040.6, 5427.2
1, 0, 3.07e-09, 2.1942e-10, -6700.8, 1567
1, 0, 3.7282e-10, 3.6258e-05, -7407.6, -827.62
1, 0, 1.1672e-11, 2.1739e-07, -10337, 7375.8
1, 0, 6.901e-11, 9.5284e-09, 6197, -434.26
1, 0, 0.0039264, 0.00041266, -4496.1, -1180.4
1, 0, 6.1974e-08, 1.8208e-09, -544.47, 5027.1
1, 0, 1.4086e-12, 0.00038448, -4511.9, -2033.7
1, 0, 1.1103e-08, 2.3412e-09, -318.19, -5800.6
1, 0, 1.0539e-05, 8.2067e-11, 2995.9, 4893.3
1, 0, 3.2638e-11, 4.3852e-06, 475.23, 5568.8
1, 0, 0.00010659, 1.7904e-11, 3039.7, -3517.2
1, 0, 2.6293e-06, 4.9191e-07, 2143.2, 10852
1, 0, 2.7219e-12, 1.2833e-08, 6337.4, 320.31
1, 0, 0.026823, 7.8347e-11, 2728.9, -3395.8
1, 0, 5.9262e-10, 1.8383e-06, -4433.6, 265.1
1, 0, 1.3011e-08, 1.7694e-11, 3995.7, 2740.6
1, 0, 0.034705, 8.854e-06, -2607.3, 5935.3
1, 0, 6.6908e-06, 6.6098e-06, -1099.5, -6064.7
1, 0, 1.4907e-05, 0.00026051, 178.07, -6210.5
1, 0, 1.91e-11, 0.0004645, 2440.2, -3807.6
1, 0, 0.00087917, 3.9948e-05, -2631, 7186.3
