1, 1.989e+30, 1.3021e-08, -2.0734e-23, 0.022546, -3.5901e-17
1, 3.3011e+23, 0.38502, 0.027655, -3421.7, 47884
1, 4.8675e+24, 0.72243, 0.020233, -980.34, 35033
1, 5.972e+24, 0.9997, 0.017204, -512.46, 29788
1, 6.4171e+23, 1.5236, 0.013937, -220.72, 24132
1, 1.8986e+27, 5.454, 0.0073702, -17.221, 12761
1, 5.6836e+26, 10.086, 0.0054179, -5.0603, 9381
1, 8.681e+25, 20.11, 0.0038365, -1.2707, 6642.8
1, 1.0243e+26, 30.33, 0.0031239, -0.55846, 5409
1, 4.5222e+08, -0.54774, -49.733, 4223.6, -46.518
1, 4.2595e+08, 7.9362, -21.632, 5826, 2137.4
1, 11.446, 4.0996, 45.349, -4396.5, 397.45
1, 1.4868e+06, 5.784, 3.7448, -6167.4, 9525.8
1, 19.345, -23.345, -14.596, 3009.6, -4813.6
1, 724.29, -33.072, -20.117, 2488.1, -4090.5
1, 6.3507e+09, 19.34, -23.027, 4159.6, 3493.6
1, 6.1287e+08, -6.2171, -0.76628, 1455.9, -11812
1, 6.5235, 37.694, 24.947, -2445.3, 3694.7
1, 4.9951e+06, -8.6885, -13.15, 6260.2, -4136.2
1, 1255.2, -7.1471, 26.135, -5520, -1509.6
1, 2.654, -19.342, 31.465, -4175.7, -2566.8
1, 224.84, 23.871, 5.9204, -1445.9, 5830
1, 0.64421, 16.923, 0.22054, -94.361, 7240.3
1, 1.5189, 20.101, 0.94895, -313.15, 6633
1, 29984, -9.1986, -10.418, 5989.7, -5288.8
1, 1.6524e+05, 13.94, -4.8844, 2563, 7314.7
1, 1.1891e+06, -23.847, -15.586, 3053.3, -4671.6
1, 8.5768, 1.5825, 5.0796, -12330, 3841.3
1, 58.434, 6.9877, 2.8171, -4057.8, 10065
1, 0.3869, 0.33282, -4.3284, 14255, 1096.1
1, 4.0054e+08, 19.859, -0.69424, 233.47, 6678.3
1, 5.4339e+09, -0.30238, 30.422, -5400.3, -53.678
1, 2.5163e+09, 0.10266, -28.119, 5617.4, 20.509
1, 1.9603e+08, -42.346, -6.347, 674.76, -4502
1, 2.718, 5.2597, 14.967, -7055.8, 2479.4
1, 1.3514e+07, 10.67, -32.3, 4849.7, 1602
1, 0.020459, 11.136, -36.598, 4607.6, 1402
1, 2.9648e+09, -4.8011, -10.711, 7934, -3556.3
1, 18133, 6.825, -3.0301, 4423.3, 9963.1
1, 6.3374e+06, -1.022, -3.0327, 15780, -5317.6
1, 2.0753e+06, 3.9402, -11.511, 8079.8, 2765.8
1, 6.3916e+06, 3.6998, -20.322, 6448.2, 1173.9
1, 1.83e+08, 36.565, 6.7284, -884.13, 4804.7
1, 1.1742e+05, 14.362, -1.4328, 778.31, 7802
1, 195.58, 9.0028, 16.235, -6046.3, 3352.9
1, 4.3456e+07, 22.135, -40.352, 3849.7, 2111.8
1, 65.659, -17.584, -12.492, 3714.6, -5228.8
1, 113.31, 27.129, 26.177, -3368.8, 3491.2
1, 59891, -6.5757, 2.5382, -4040.3, -10467
1, 0.78632, -14.232, -7.539, 3474.5, -6559.2
1, 3.7397e+08, -14.11, -5.2532, 2678.6, -7194.5
1, 0.14389, 20.261, 26.738, -4099.1, 3106.1
1, 266.21, -0.14784, 23.681, -6121.2, -38.216
1, 1.9068, 0.1795, -2.0015, 20930, 1877.1
1, 1.5389, 1.9146, 49.29, -4238.1, 164.62
1, 1.3149e+07, 29.28, -37.674, 3405, 2646.4
1, 80728, -13.259, -25.463, 4931.1, -2567.6
1, 7.7866e+05, -33.213, 5.2225, -797.99, -5075
1, 5.2765e+07, -37.37, -0.1225, 15.973, -4872.8
1, 90.173, -29.548, 4.4143, -805.23, -5390
1, 311.02, -15.803, 16.041, -4471.9, -4405.5
1, 3.0346e+06, -32.873, 32.284, -3074.9, -3131
1, 86.015, -4.2221, 4.6829, -8810.7, -7943.8
1, 9.9204e+07, -21.921, 1.4832, -429, -6340.5
1, 2.5316e+08, 0.35772, 16.805, -7263.9, 154.62
1, 4.8155e+07, 10.785, 20.543, -5475.4, 2874.7
1, 2.4649, 36.143, -19.3, 2192.1, 4105
1, 2.9399, -16.626, 22.442, -4529, -3355.3
1, 5178.6, 22.213, -23.327, 3800.9, 3619.4
1, 20687, 43.336, 21.295, -1890.6, 3847.4
1, 147.73, 15.009, 41.617, -4212.9, 1519.4
1, 2.0908e+08, 6.7345, 31.927, -5102.5, 1076.3
1, 2532.6, -7.955, 30.752, -5116.9, -1323.6
1, 470.92, 39.408, -3.8852, 464.44, 4710.9
1, 13.882, 16.199, -5.79, 2417.3, 6763
1, 80.011, 34.954, -1.8404, 264.74, 5028
1, 153, -21.168, -7.0833, 2000.8, -5979.1
1, 1.165e+09, 7.2237, -41.946, 4499.6, 774.9
1, 6.5999e+09, -13.547, -41.708, 4278.2, -1389.6
1, 5193.7, 19.719, -37.009, 4059.7, 2163.1
1, 137.8, 38.32, 31.874, -2698.2, 3243.8
1, 1.0283e+06, 18.135, -11.891, 3507.6, 5349.3
1, 5.3825, -3.5859, -9.9786, 8608.9, -3093.7
1, 0.17197, -37.996, -7.3089, 904.59, -4702.6
1, 779.33, 3.8547, 0.60924, -2353.9, 14894
1, 7.6255e+05, -42.442, 7.7313, -812.79, -4461.9
1, 44.144, -15.193, -15.549, 4569.5, -4465.1
1, 8.7406, -2.0922, -0.88278, 7684.8, -18213
1, 2.9339e+08, 5.925, -2.594, 4697.4, 10730
1, 5.482e+06, -1.3999, -9.2414, 9633.5, -1459.3
1, 1.0383e+07, -18.219, 18.762, -4178.9, -4057.9
1, 10.191, -40.668, -11.037, 1201.9, -4428.6
1, 1.6204e+09, 4.4016, 10.394, -8164.4, 3457.4
1, 5.3577e+05, -10.151, -40.895, 4453.9, -1105.5
1, 60.494, 8.7127, 47.13, -4231.1, 782.17
1, 72234, -16.187, -12.059, 3961.1, -5316.9
1, 6.8024e+05, -34.179, 24.715, -2687.6, -3716.8
1, 10582, -16.703, 21.821, -4512.3, -3453.9
1, 1.7419, -24.38, -3.8894, 944.5, -5920.3
1, 1.8655e+05, 34.622, -13.173, 1740.5, 4574.3
1, 126.87, 17.819, 11.735, -3547, 5385.9
1, 2.5406e+05, 6.3344, -37.251, 4777.4, 812.36
1, 5.3368, -4.2215, 3.1471, -7758.8, -10408
1, 1.8662e+07, -11.513, 7.5567, -4404.5, -6710.6
1, 417.12, -1.0247, 0.9564, -17168, -18394
1, 3.9569e+08, -5.7974, 24.09, -5818.2, -1400.2
1, 52227, 9.8076, 38.544, -4577.5, 1164.8
1, 18786, -2.3843, 5.416, -11207, -4933.8
1, 1.3631e+07, 48.943, 4.1465, -358.81, 4235.2
1, 3811.8, 25.608, -13.772, 2616.6, 4865.3
1, 28130, 28.875, 0.18632, -35.759, 5543.3
1, 2.3129e+06, -36.994, -33.631, 2833.9, -3117.3
1, 4.5711e+05, -26.556, -30.083, 3525.4, -3112
1, 402.87, 2.3251, 33.632, -5118.2, 353.83
1, 1.4009e+08, 2.7564, -5.7254, 10647, 5126
1, 0.24175, -29.51, 13.182, -2137.1, -4784.1
1, 8.5103e+08, 2.5267, 0.13177, -975.3, 18702
1, 1.1169e+06, 2.6105, -8.0024, 9761, 3184.2
1, 7.0081, -11.263, 6.9529, -4300.8, -6967.1
1, 6106.2, -2.477, 8.0133, -9826.9, -3037.6
1, 2.9595e+06, -31.64, 3.606, -597.76, -5244.8
1, 161.54, -20.702, 32.668, -4045.9, -2564
1, 6.7145e+08, -47.062, 4.2274, -387.7, -4316.1
1, 1.0413e+09, -15.977, 43.451, -4109, -1510.8
1, 2.1752, -45.897, 5.4233, -514.17, -4351.5
1, 2.1711e+07, 16.11, 14.903, -4318, 4667.8
1, 11.955, 18.602, -34.597, 4186.2, 2250.8
1, 4620.3, 14.818, -46.599, 4059.6, 1290.9
1, 4.3325e+06, -21.079, -5.547, 1623.7, -6170.4
1, 1.2918e+05, -14.864, -41.699, 4217.2, -1503.2
1, 1498.2, -0.47274, 0.61289, -26814, -20682
1, 1.5688, 3.0529, -3.9779, 10553, 8098.9
1, 1.5644e+09, 0.20529, 4.2924, -14353, 686.46
1, 1039, -6.12, 1.8833, -3462.3, -11251
1, 1440.3, -9.1263, 1.7216, -1811.9, -9605.3
1, 1080.6, 22.961, -5.8862, 1519.4, 5926.8
1, 4.1898e+08, 2.8085, -1.0362, 5959.4, 16152
1, 8.7548e+06, -40.872, 6.8443, -764.23, -4563.7
1, 1.1407e+09, 12.817, 30.377, -4779.8, 2016.7
1, 1.2338e+05, -0.49267, -0.11585, 9585.6, -40784
1, 3.137, 47.911, 3.7164, -332.33, 4284.3
1, 0.24315, 6.0677, -4.0875, 6153.1, 9133.8
1, 2.0069e+05, 21.985, -26.286, 3903.4, 3264.6
1, 4.7905e+06, 1.7378, 3.5159, -13484, 6665.1
1, 2.8609, -12.912, 37.448, -4474.4, -1542.8
1, 3067.2, 9.8152, -35.826, 4713.8, 1291.5
1, 74725, 5.7046, -13.535, 7162.4, 3018.8
1, 8.179e+08, 4.1269, -39.746, 4687.1, 486.68
1, 5.9366e+05, 32.444, 37.098, -3194.1, 2793.3
1, 1.8947e+09, 27.644, 33.891, -3490.4, 2847.1
1, 2.7378e+09, 13.845, -17.982, 4954.5, 3814.8
1, 27.147, 3.4493, -21.723, 6273, 996.08
1, 7.7021e+06, -40.532, 14.921, -1565.9, -4253.5
1, 2.175e+05, -28.99, -25.918, 3183.8, -3561.2
1, 1.3502e+08, -3.0122, -25.745, 5811.3, -679.94
1, 2.0772e+07, -2.5934, -23.284, 6116.5, -681.28
1, 6.5503, 6.912, 1.2524, -2004, 11059
1, 12.465, 6.3453, 7.4279, -7246.4, 6190.3
1, 1.1705e+09, -18.032, -17.29, 4124.8, -4301.8
1, 2.8895, -23.953, -40.698, 3735.8, -2198.7
1, 3837.1, 36.524, -9.3588, 1204.1, 4699.4
1, 3120.2, 17.671, -32.792, 4296.6, 2315.3
1, 18.934, 7.029, 32.436, -5053.4, 1095.1
1, 23.598, 20.272, 37.751, -4009.2, 2152.9
1, 0.30006, -32.723, -16.891, 2251.6, -4361.9
1, 2.1184e+08, 34.61, 6.0254, -862.01, 4951.3
1, 2.1131e+08, 8.7257, 40.532, -4522.6, 973.61
1, 5905.8, 8.2214, 12.55, -6433, 4214.1
1, 50792, -10.535, 6.1168, -4285.3, -7380.7
1, 195.24, 7.55, 3.7358, -4551.8, 9198.9
1, 4.3009e+05, -9.9995, -37.004, 4644.8, -1255.1
1, 144.22, 1.0328, 46.616, -4361.3, 96.63
1, 5.0813e+09, -6.8601, -13.189, 6854, -3565
1, 1.0885e+08, -6.4472, 2.6421, -4279.3, -10442
1, 18907, 12.811, 18.433, -5162.8, 3588.2
1, 0.82507, 47.132, -0.85529, 78.719, 4337.9
1, 1.0425e+05, 14.423, -7.0872, 3277.1, 6669.1
1, 2692.8, 2.861, -10.585, 8684.1, 2347.1
1, 166.43, -12.5, 27.793, -4921.2, -2213.4
1, 1.9328e+06, -3.0709, -1.2503, 6168.9, -15151
1, 2.8826e+09, 10.473, -19.847, 5561.4, 2934.6
1, 82.078, 0.4735, -32.737, 5205.4, 75.29
1, 1.5698e+09, -32.222, -13.947, 1997, -4613.5
1, 5.114e+06, 22.894, -31.923, 3862.2, 2769.7
1, 20.178, -9.4133, -33.877, 4840.2, -1344.9
1, 7.244, 14.66, -3.6119, 1834, 7443.7
1, 6750.5, -17.276, -28.582, 4411.3, -2666.3
1, 87173, 34.076, 31.549, -2969.7, 3207.6
1, 0.24224, -30.81, -9.5165, 1548.1, -5012.1
1, 1.2046e+07, 5.5551, 16.374, -6783.9, 2301.5
1, 49051, 2.7507, -11.714, 8360, 1963.1
1, 17.076, -29.169, 6.009, -1101.4, -5346.2
1, 4.1684e+09, 27.89, -6.8969, 1334.1, 5394.9
1, 1.6146e+09, 6.0863, 5.0638, -6770.9, 8138.1
1, 4.9189e+07, 17.147, -9.8218, 3330.7, 5814.7
1, 6.2495, -1.6426, 27.024, -5714.4, -347.35
1, 6576.6, 12.335, 6.1801, -3592.5, 7170.2
1, 4.2904e+06, -30.193, -30.023, 3218.9, -3237.1
1, 8.9021e+07, 34.382, 6.7136, -964.53, 4939.6
1, 1.1844e+08, -4.3369, 2.1493, -6012.3, -12132
1, 14119, 6.5678, 0.12378, -219.37, 11620
1, 1.2507e+09, 8.4625, 0.16387, -198.23, 10237
1, 3.2888e+09, 13.592, 20.803, -5002.5, 3268.4
1, 1.9069, -12.612, 10.838, -4760.8, -5540.4
1, 8.5591e+06, -9.4429, -29.636, 5089.1, -1621.5
1, 2.4569e+05, -12.034, 13.401, -5222.5, -4689.6
1, 1.2586e+06, 13.883, 47.11, -4077.2, 1201.5
1, 1.8549e+07, -22.503, -39.695, 3836.3, -2174.8
1, 4.9916e+05, -0.45473, 14.553, -7802.9, -243.82
1, 59.979, -38.449, -4.4931, 555.7, -4755.4
1, 160.32, -2.2091, -0.10076, 912.72, -20011
1, 1.6056e+07, -5.7066, 14.693, -6994.1, -2716.5
1, 3.0547e+08, 12.596, 45.866, -4165, 1143.8
1, 0.72224, -31.334, -31.309, 3163.6, -3166.1
1, 39.049, 24.956, 3.9279, -921.48, 5854.5
1, 5.2943, 17.888, -11.281, 3455.3, 5479.1
1, 1.8641e+05, -30.611, -34.34, 3278.4, -2922.4
1, 5.7698e+09, -1.2661, 3.1771, -14963, -5963.1
1, 68.903, 17.176, 0.1626, -68.043, 7187.2
1, 0.40761, 24.124, -21.599, 3491.9, 3900
1, 859.62, -39.645, -11.674, 1308.9, -4444.9
1, 7.0405e+07, 9.0293, 10.752, -6087.8, 5112.5
1, 1.3636e+05, -17.683, 18.024, -4231.7, -4151.6
1, 1.5209e+05, -9.9946, -23.959, 5395.8, -2250.9
1, 5.9072e+08, 4.7077, -37.737, 4793.3, 597.96
1, 2.2439e+05, -5.8, -6.5558, 7540.9, -6671.5
1, 2.4258e+06, -21.757, 9.9595, -2534.6, -5537
1, 177.15, -0.034315, -0.068142, 88359, -81849
1, 260.42, -10.747, -28.644, 5042.4, -1891.8
1, 1.3942e+08, -47.069, 12.321, -1081.4, -4131.3
1, 617.63, 38.734, 14.543, -1627.8, 4335.5
1, 4.4974e+09, -7.7146, -16.395, 6332, -2979.4
1, 1.5615e+07, 12.698, -0.74118, 486.66, 8338.1
1, 2.4255e+08, -0.16307, -10.041, 9398.5, -152.63
1, 4976.8, -37.537, 11.297, -1371.1, -4555.9
1, 16.267, -29.4, -13.555, 2191.9, -4754.4
1, 6.1632e+08, 0.26679, 1.5852, -23169, 3899.5
1, 6.8328, -2.1548, 3.3807, -12546, -7996.4
1, 6.2547e+07, 13.019, 17.931, -5120.7, 3717.9
1, 6.4575, -3.8399, 4.4907, -9314, -7964.1
1, 1010.8, 13.239, 1.0601, -652.46, 8147.8
1, 0.85059, 4.2343, -6.5666, 8956.2, 5775.1
1, 0.82625, 5.7136, -34.922, 4941.8, 808.52
1, 71.654, -18.904, 38.675, -4079, -1993.7
1, 2.4792e+06, 25.499, 4.2151, -955.65, 5781
1, 1.1202e+06, -2.3263, 8.3918, -9727.5, -2696.6
1, 3.6524e+08, -29.201, 17.452, -2620.1, -4383.9
1, 6.6327e+05, -13.241, 12.177, -4754.2, -5169.6
1, 1.8796e+07, -20.288, 8.6053, -2477.8, -5841.7
1, 10649, -24.168, 30.465, -3742.3, -2968.8
1, 3.2948e+06, 2.0666, 2.6955, -12827, 9834.3
1, 209.07, -6.5623, -2.0147, 3336.8, -10869
1, 14436, 41.39, 17.071, -1697.4, 4115.5
1, 193.74, -11.928, -5.5503, 3464.7, -7445.9
1, 764.54, 0.59273, 0.51933, -22116, 25243
1, 1.8132, 5.1952, -0.95527, 2344, 12748
1, 928.89, 0.14256, -0.11263, 44364, 55022
1, 2.5783e+06, -16.49, 2.556, -1117, -7206.1
1, 1.1573e+08, -26.987, -33.498, 3536.8, -2849.4
1, 5.592e+05, -20.118, -27.21, 4117.6, -3044.3
1, 1.0064e+08, -23.052, 18.147, -3401.8, -4321.3
1, 330.57, -19.168, -45.097, 3916.3, -1664.6
1, 0.51492, -2.1282, -17.977, 6952.7, -823.06
1, 20624, 3.7353, -22.375, 6168.9, 1029.9
1, 52.973, 36.349, 11.517, -1457.1, 4598.7
1, 2.986e+06, 10.891, -3.419, 2640.6, 8411.8
1, 0.64165, 33.595, 10.771, -1531.1, 4775.7
1, 2.3316e+09, 2.5327, -5.0241, 11214, 5653.1
1, 5.6668e+08, 25.334, 13.357, -2596, 4923.8
1, 1358.1, 2.5997, 7.2063, -10124, 3652.2
1, 1.2604e+08, -0.035462, 0.16093, -1.0976e+05, 3.2922e+05
1, 6.1984e+07, -13.811, 39.105, -4361.6, -1540.4
1, 781.31, 3.4411, -3.234, 9387.7, 9988.9
1, 123.65, 9.629, 0.61923, -615.31, 9569.7
1, 1.2267e+06, -0.24026, -16.439, 7345.9, -107.36
1, 1.6526e+05, -28.51, -12.085, 2089.1, -4928.6
1, 1.8139e+09, -5.742, -0.78548, 1677, -12260
1, 163.01, 4.4084, 7.4555, -8712.5, 5151.7
1, 29.28, 24.96, 41.029, -3672.3, 2234
1, 3.4565e+05, -33.259, -26.677, 2854.4, -3558.7
1, 144.55, 0.71468, 5.7265, -12305, 1535.7
1, 4.7262e+06, 0.63288, -36.476, 4931.1, 85.558
1, 47347, -11.094, -29.35, 4974.4, -1880.3
1, 1.0053e+06, -19.805, 31.526, -4133.9, -2597
1, 2.2322e+07, 11.76, 27.626, -5002, 2129.3
1, 20.918, 13.379, 46.886, -4102.3, 1170.6
1, 1.4896e+09, -12.438, 42.159, -4309.4, -1271.4
1, 4.3561, 10.11, -4.2171, 3464.6, 8306.5
1, 24.124, -6.5385, 34.52, -4937.8, -935.28
1, 13847, -10.608, 36.584, -4635.6, -1344.1
1, 8.4026e+07, 28.318, 2.5044, -492.17, 5565.1
1, 0.99132, -16.676, 31.61, -4407.1, -2325
1, 8581, 37.006, 30.053, -2719.8, 3349.1
1, 16200, 7.9483, -4.4701, 4835.4, 8598
1, 2.9359e+06, 3.115, -7.4565, 9669, 4039.3
1, 0.44139, 13.668, -0.18267, 107.65, 8056.2
1, 24.279, 4.1781, -1.6146, 5073.6, 13129
1, 4775.3, -20.97, 3.875, -1172.2, -6343.2
1, 2.3603e+06, 6.24, 27.896, -5437.2, 1216.3
1, 32.708, -43.613, -8.7112, 874.9, -4380.2
1, 365.6, 7.6838, 40.726, -4546.9, 857.87
1, 6.2876e+09, -22.329, -7.5323, 1961.4, -5814.4
1, 28.401, -10.22, 20.484, -5571, -2779.5
1, 9.0747, 41.726, -3.5917, 394.76, 4586
1, 3.7556e+06, -14.829, -9.0293, 3717.9, -6106.2
1, 16155, -1.4173, 33.004, -5178, -222.36
1, 5.9618e+06, 30.692, -23.269, 2899.8, 3824.9
1, 5.7514e+08, 27.872, -17.053, 2719.7, 4445.2
1, 2.7014e+06, -2.2318, 49.388, -4232.2, -191.25
1, 2.2662e+05, -28.692, -37.378, 3442.3, -2642.4
1, 2.1619e+05, -26.082, 17.125, -2926.9, -4457.9
1, 13.014, 2.3417, -32.466, 5207.6, 375.61
1, 1.8265e+05, 23.664, 8.533, -2014.6, 5587.1
1, 1.0939e+08, -3.0807, -1.3937, 6677.2, -14760
1, 4.27e+05, 6.8133, -33.079, 5020.4, 1034.1
1, 10.961, 5.4854, -15.946, 6859.4, 2359.6
1, 9.673e+07, 19.409, 24.268, -4173.2, 3337.6
1, 5.4246e+07, 0.91052, -25.453, 5898.7, 211.01
1, 2.7514e+05, -30.703, 13.557, -2076.9, -4703.7
1, 11839, 14.88, -31.423, 4565.9, 2162.1
1, 68.351, -13.915, 19.361, -4953.8, -3560.4
1, 954.24, -9.0221, 15.294, -6088.6, -3591.6
1, 95852, 32.752, -21.298, 2598.1, 3995.3
1, 2429.1, 29.518, -5.68, 1026.6, 5335.3
1, 54.592, -1.7802, 33.083, -5167.7, -278.07
1, 4479.8, -8.7465, 14.337, -6205.2, -3785.6
1, 3.6548e+08, -2.4217, 2.1901, -11057, -12227
1, 74.575, 14.338, -24.454, 4826.4, 2829.9
1, 2.7611e+08, 7.818, -21.042, 5893.6, 2189.7
1, 5.2631e+05, -19.104, 15.202, -3753.9, -4717.4
1, 1.1996e+09, -12.857, -17.307, 5149.8, -3825.7
1, 1299.7, -22.748, 14.466, -3078.6, -4841.3
1, 5.0621e+07, -24.116, 14.29, -2868.1, -4840.3
1, 10.016, -5.7501, 21.84, -6061.6, -1595.9
1, 0.14975, 26.001, -14.009, 2599.9, 4825.4
1, 3.3831e+06, -36.419, -5.0513, 674.92, -4866
1, 8.9863, 0.47081, -8.0311, 10484, 614.64
1, 5.9796, 16.5, 27.715, -4506.8, 2683.1
1, 13214, -5.9056, 11.438, -7377.2, -3808.8
1, 1512.5, -29.993, -3.1566, 567.73, -5394.4
1, 6.287e+07, 23.981, -1.9039, 480.65, 6054.3
1, 0.37448, -18.615, -41.891, 4020.6, -1786.7
1, 3.529e+07, -8.1167, -13.287, 6442.2, -3935.4
1, 4398, 21.633, -5.9772, 1674.6, 6060.7
1, 48.625, 7.728, -3.7542, 4440.7, 9141.2
1, 21630, 0.19205, -0.1403, 36376, 49470
1, 831.7, 3.5887, -0.7077, 3013.5, 15281
1, 2.1877e+06, -0.16714, 0.17175, -43961, -42526
1, 10.445, -23.992, 5.4517, -1330.7, -5856.1
1, 7.2948e+05, -4.4159, 21.507, -6227.4, -1278.7
1, 1.1204, 17.43, 21.561, -4399.5, 3556.6
1, 598.08, 0.25578, 0.9032, -29584, 8378.2
1, 6.5365, 42.526, -24.488, 2122, 3685
1, 1.1137e+05, -7.1384, 2.7798, -3905.5, -10029
1, 1.5337e+09, -9.9132, -31.759, 4929.8, -1538.7
1, 1.9304e+05, 22.345, -14.569, 3150.1, 4831.3
1, 3.9739e+05, -9.6409, -14.119, 5949.6, -4062.6
1, 4.8603e+06, 29.913, -27.342, 3157, 3453.9
1, 3.5111e+07, 14.316, -19.953, 4883.9, 3504.3
1, 2.4874e+09, -6.0793, 28.327, -5411, -1161.3
1, 129.72, 17.556, -4.9074, 1878.2, 6719.4
1, 1.3082, -2.091, -4.2835, 12261, -5985.2
1, 3.112e+06, 42.055, -3.706, 402.44, 4566.8
1, 3325.4, 1.6556, 8.8574, -9754.5, 1823.2
1, 5.5879e+09, -31.399, 24.339, -2895.4, -3735.3
1, 30.528, -0.82215, -7.259, 10951, -1240.3
1, 8.5204e+09, 30.518, -13.072, 2035.6, 4752.2
1, 8.1283e+07, 10.513, -6.167, 4317.4, 7359.7
1, 7.1563e+06, -0.86121, 5.1413, -12868, -2155.4
1, 6.9463, -16.453, 18.737, -4482.5, -3936.1
1, 5.684e+07, 7.5619, 17.885, -6226.3, 2632.6
1, 1.0243e+09, 4.7624, 5.3619, -8316.6, 7386.7
1, 1.7482e+07, -4.0382, -8.6285, 8741.1, -4090.9
1, 6.2525e+09, 9.4925, 1.185, -1193, 9556.8
1, 2.0487e+07, -46.805, 1.1078, -103.01, -4352.3
1, 4.6078e+07, 34.791, 32.016, -2933.5, 3187.8
1, 3.3289e+06, -40.607, 3.8529, -440.57, -4643.3
1, 2.7545e+06, -18.867, 15.123, -3788.8, -4726.7
1, 6799.1, 12.683, -13.848, 5069.4, 4642.7
1, 3.9032e+06, 5.5817, -23.596, 5887, 1392.6
1, 1.4665e+08, -12.908, -3.3368, 2041.9, -7898.5
1, 2.6988e+08, -1.9074, -0.90816, 8810.6, -18504
1, 1.2086e+06, -27.203, -34.991, 3532.5, -2746.3
1, 8.3506e+05, -9.7172, -23.954, 5429.2, -2202.5
1, 72.682, -6.4802, -19.803, 6202.2, -2029.5
1, 8.1263e+08, 6.5503, 15.476, -6691.7, 2832.2
1, 0.22716, -8.7463, -11.83, 6244.8, -4617.1
1, 2.9626e+06, 32.902, 23.806, -2740.1, 3787
1, 4.695e+07, 41.913, 4.3087, -469.28, 4565
1, 21.284, 5.1497, 1.2204, -2985.8, 12599
1, 38.66, -9.4772, -6.6342, 5022.5, -7174.8
1, 274.2, -8.4882, 2.0257, -2340.8, -9808.3
1, 1.2321e+09, -6.7686, -37.003, 4777.5, -873.9
1, 15510, 18.752, 14.1, -3695.9, 4915.4
1, 3.6998e+08, 30.419, -7.5112, 1275.7, 5166.5
1, 13608, -31.137, 5.5841, -934.91, -5213.1
1, 2.334e+07, -0.0045728, 4.8361, -13546, -12.815
1, 0.36748, 32.084, -14.258, 2041.5, 4594
1, 1.1359e+09, -27.185, 10.027, -1915.1, -5192
1, 4.3217e+07, -0.16632, -0.20943, -3.0485e+05, -4.1611e+05
1, 1.1335e+09, -23.571, 5.586, -1395.7, -5889.2
1, 22.274, 5.58, -35.988, 4877.9, 756.33
1, 387.89, -15.858, -36.995, 4315.5, -1849.9
1, 4.7059e+08, 36.875, -12.564, 1539.2, 4517.6
1, 590.94, -14.597, -25.074, 4779.4, -2782.3
1, 16.747, 41.903, 3.0301, -331.47, 4583.8
1, 2.3736e+09, -14.53, -37.378, 4384.2, -1704.3
1, 8.5924e+07, 9.7937, -26.67, 5246, 1926.5
1, 58.299, 5.8385, -0.38139, 801.61, 12290
1, 2.1933e+07, -25.031, -41.124, 3667.3, -2232.1
1, 7691.8, 48.038, -5.7064, 505.2, 4252.9
1, 4.1517e+07, -24.58, 23.598, -3534.2, -3681.2
1, 1.1919e+07, -34.627, 4.3888, -633.97, -5002
1, 7542.1, -15.051, 13.038, -4370.8, -5045.5
1, 8.9708e+05, 3.0101, 2.7826, -9987.1, 10804
1, 1.2774e+06, 17.585, 27.368, -4393.9, 2823.2
1, 1.1095e+08, 34.567, 7.2013, -1022.4, 4907.7
1, 5765.5, 1.4252, -0.84756, 11824, 19883
1, 826.2, 4.2361, -24.006, 5941.5, 1048.4
1, 2.2464e+05, -45.738, -7.5439, 712.01, -4316.8
1, 57040, -2.0981, -18.412, 6875.3, -783.48
1, 49839, -1.3142, 14.383, -7805.7, -713.24
1, 4.9284e+05, 0.97737, -0.16988, 5122.1, 29468
1, 3.2566e+07, -35.586, -10.058, 1332.3, -4713.8
1, 3.0486, -24.703, 23.386, -3511.2, -3708.9
1, 1.2206e+09, -9.617, 35.159, -4759.1, -1301.7
1, 6.452e+08, 18.245, -14.078, 3790.7, 4912.7
1, 1.4192e+08, -11.563, 1.7984, -1338.2, -8604.3
1, 2.1745e+07, -7.0606, 15.292, -6589.7, -3042.5
1, 1.3147e+05, 5.3393, -12.19, 7479.5, 3276.1
1, 6.2452e+08, 28.834, 1.3747, -264.03, 5538
1, 1767.2, 36.296, -23.931, 2486.8, 3771.7
1, 1.3338e+06, -10.28, -7.8671, 5031.5, -6574.9
1, 1.9984e+08, -5.0478, 24.927, -5789.2, -1172.3
1, 132.76, 29.788, 11.274, -1868.4, 4936.5
1, 6390.6, -11.807, 6.1702, -3780, -7233.2
1, 91.854, 40.69, -13.704, 1451, 4308.3
1, 4.3101e+06, 3.7219, 0.71406, -2883, 15028
1, 1.2416e+07, 29.526, -3.8484, 705.58, 5413.3
1, 65344, -28.203, 0.5412, -107.6, -5607.6
1, 2.2618e+06, 4.1596, 1.3519, -4402.3, 13546
1, 1.487e+08, -0.35037, -4.254, 14370, -1183.5
1, 1042.2, 0.46357, 14.367, -7852.6, 253.37
1, 0.906, -2.5047, 4.6031, -11430, -6219.5
1, 1.9584e+09, -4.3845, -1.536, 4569.2, -13043
1, 17.567, -16.661, 1.4398, -627.15, -7257.2
1, 151.41, -26.775, 6.629, -1363.1, -5505.6
1, 56.074, 3.0476, -5.8703, 10280, 5336.8
1, 64511, -1.0655, 0.9151, -16377, -19068
1, 3.344e+07, -4.7287, -6.6565, 8498.5, -6037.3
1, 492.78, -38.826, 11.338, -1312.9, -4496
1, 3.5778, -10.476, 2.4989, -2106.1, -8829.3
1, 37.412, 13.168, -35.265, 4548.4, 1698.3
1, 2.1124e+05, -0.99163, -14.756, 7728.4, -519.36
1, 90.356, 5.6062, -9.4626, 7727.6, 4578.3
1, 5.2079e+07, 1.6975, 38.275, -4807.8, 213.22
1, 3.4204e+06, 12.187, -33.059, 4708.7, 1735.8
1, 0.78929, 1.7619, -2.9568, 13793, 8219
1, 19.289, -42.897, 0.86383, -91.558, -4546.7
1, 1.9758e+07, 18.372, -25.834, 4311.5, 3066.2
1, 5.1288e+08, -28.483, -31.633, 3392.9, -3055.1
1, 2.9332e+06, -25.5, 19.834, -3217.7, -4136.9
1, 5.2728e+07, 7.8907, 6.1024, -5769.9, 7460.8
1, 1.329e+07, -6.6581, 24.336, -5720.2, -1565
1, 1636, 5.138, 10.921, -7758.7, 3650.3
1, 1.5331e+06, -22.339, 31.382, -3910, -2783.3
1, 1.0432e+09, -3.6346, 49.548, -4214.9, -309.18
1, 4.5949e+07, -40.068, -7.1724, 822.69, -4595.9
1, 3973.7, 3.3833, -28.715, 5501.7, 648.21
1, 14834, -21.245, -19.801, 3768.8, -4043.6
1, 1.6664e+06, 1.3027, 20.573, -6547.7, 414.6
1, 2.2758, 25.571, -18.08, 3073.1, 4346.3
1, 1662.5, -29.668, -19.148, 2718.4, -4211.9
1, 4307.5, -10.062, 34.008, -4796.5, -1419.1
1, 88.921, 27.995, 6.0278, -1171.7, 5441.8
1, 121.69, 35.004, -29.796, 2847.9, 3345.6
1, 68776, -26.779, -30.667, 3516.5, -3070.6
1, 1.8436e+05, 17.744, -14.394, 3926.1, 4839.6
1, 8.647, -13.084, -6.6514, 3523.6, -6931.1
1, 38.07, 1.7447, 32.177, -5239.8, 284.11
1, 2804.5, 13.928, -24.154, 4887.1, 2818
1, 1.835e+07, 24.706, -9.289, 2040.6, 5427.2
1, 3.4575, 4.2667, 18.245, -6700.8, 1567
1, 1.1889, -1.7734, 15.873, -7407.6, -827.62
1, 1.0928e+05, 3.1961, 4.4793, -10337, 7375.8
1, 3.4652e+07, -1.6074, -22.937, 6197, -434.26
1, 116.91, -10.428, 39.719, -4496.1, -1180.4
1, 3.8459e+05, 34.503, 3.7369, -544.47, 5027.1
1, 6.0051e+05, -14.887, 33.028, -4511.9, -2033.7
1, 1.0144e+07, -26.254, 1.4402, -318.19, -5800.6
1, 1564.8, 22.988, -14.074, 2995.9, 4893.3
1, 1.2801e+07, 28.304, -2.4154, 475.23, 5568.8
1, 11965, -31.066, -26.849, 3039.7, -3517.2
1, 2.4422e+05, 7.1141, -1.405, 2143.2, 10852
1, 1.6182e+09, 1.1124, -22.009, 6337.4, 320.31
1, 68694, -36.446, -29.288, 2728.9, -3395.8
1, 0.67473, 2.6847, 44.9, -4433.6, 265.1
1, 1.0454e+08, 21.379, -31.169, 3995.7, 2740.6
1, 4.3103e+08, 19.331, 8.4922, -2607.3, 5935.3
1, 3.0773e+06, -22.983, 4.1667, -1099.5, -6064.7
1, 1.5235e+05, -22.977, -0.65879, 178.07, -6210.5
1, 4806, -36.528, -23.409, 2440.2, -3807.6
1, 2.355e+07, 14.228, 5.2089, -2631, 7186.3
1, 3.7835e+07, 0.099703, 2.4769, -18904, 760.95
1, 2023.8, -18.233, 3.3579, -1253, -6803.8
1, 0, -6.5702e-08, 0, 1.9222e-316, 2.4209e-322
1, 0, 4.6294e-321, 0, 6.9274e-310, 1.921e-316
1, 0, 0, 0, 1.9222e-316, 1.9222e-316
1, 0, 0, 0, 2.3715e-322, 4.0553e-320
1, 0, 0, 0, 4.8241e+228, 1.5771e-52
1, 0, 0, 0, 4.7541e-38, 4.9407e-323
1, 0, 0, 0, 0, 0
1, 0, 0, 0, 0, 0
1, 0, 0, 0.042451, 0, 0
1, 0, 0.0040967, 0, 0, 0
1, 0, -nan, 8.3901e-09, 0, 0
1, 0, 0, 0, 0, 0
1, 0, 4.3062e-12, 1.0153e-11, 0, 0
1, 0, 2.0043e-07, 1.1045e-06, 0, 0
1, 0, 7.9485e-06, 4.6294e-321, 0, 0
1, 0, 0, 0, 0, 0
1, 0, 0, 0, 0, 0
1, 0, 0, 0, 0, 0
1, 0, 0, 0, 0, 0
1, 0, 0, 0, 0, 0
1, 0, 0, 0, 0, 0
1, 0, 0, 4.2725e-05, 0, 0
1, 0, 0.0012232, 7.8488e-07, 0, 0
1, 0, 1.3074e-09, 0.00029048, 0, 0
1, 0, 4.389e-10, 7.5743e-10, 0, 0
1, 0, 4.0034e-07, 5.2562e-12, 0, 0
1, 0, 0.0024998, 9.6186e-13, 0, 0
1, 0, 1.7795e-09, 1.2746e-11, 0, 0
1, 0, 1.0286e-11, 8.7893e-05, 0, 0
1, 0, 5.3962e-07, 5.2049e-06, 0, 0
1, 0, 0.00035271, 6.0276e-10, 0, 0
1, 0, 2.079e-09, 2.0285e-05, 0, 0
1, 0, 5.7496e-10, 0.00066313, 0, 0
1, 0, 0.0016922, 0.00032189, 0, 0
1, 0, 1.6476e-11, 1.9652e-11, 0, 0
1, 0, 3.4616e-08, 1.3828e-07, 0, 0
1, 0, 4.6294e-321, 0, 0, 0
1, 0, 4.6294e-321, 4.6294e-321, 0, 0
1, 0, 0, 0, 0, 0
1, 0, 1.0227e-09, 0.0077873, 0, 0
1, 0, 0.044117, 3.4717e-08, 0, 0
1, 0, 9.2111e-10, 6.8733e-06, 0, 0
1, 0, 3.5979e-11, 1.1496e-12, 0, 0
1, 0, 5.2094e-09, 5.0973e-06, 0, 0
1, 0, 2.9508e-10, 5.8427e-11, 0, 0
1, 0, 0.0019611, 3.6644e-05, 0, 0
1, 0, 6.9403e-05, 6.8123e-11, 0, 0
1, 0, 0.010832, 3.5813e-06, 0, 0
1, 0, 4.0437e-10, 4.8285e-07, 0, 0
1, 0, 4.5471e-06, 7.0733e-08, 0, 0
1, 0, 1.1644e-11, 1.247e-06, 0, 0
1, 0, 8.4804e-10, 1.6982e-06, 0, 0
1, 0, 3.5674e-11, 0.00012475, 0, 0
1, 0, 2.7883e-09, 0.002645, 0, 0
1, 0, 3.4911e-07, 1.2558e-07, 0, 0
1, 0, 9.1115e-05, 2.548e-08, 0, 0
1, 0, 1.8804e-07, 1.5461e-05, 0, 0
1, 0, 3.0555e-06, 2.693e-09, 0, 0
1, 0, 0.00093644, 1.616e-12, 0, 0
1, 0, 0.0056887, 7.4657e-06, 0, 0
1, 0, 4.6846e-11, 4.0817e-08, 0, 0
1, 0, 1.9783e-05, 1.0798e-09, 0, 0
1, 0, 0.0044883, 0.0069608, 0, 0
1, 0, 1.454e-11, 0.00014513, 0, 0
1, 0, 7.9912e-11, 3.0884e-08, 0, 0
1, 0, 2.8961e-05, 8.635e-07, 0, 0
1, 0, 1.0015e-08, 1.0486e-11, 0, 0
1, 0, 0.010457, 6.945e-09, 0, 0
1, 0, 9.6279e-09, 7.2232e-09, 0, 0
1, 0, 0.0028007, 5.8521e-05, 0, 0
1, 0, 0.0076253, 8.2475e-07, 0, 0
1, 0, 2.0969e-11, 1.6253e-12, 0, 0
1, 0, 1.3415e-06, 3.2022e-05, 0, 0
1, 0, 1.9124e-11, 2.0503e-08, 0, 0
1, 0, 4.995e-07, 0.0054673, 0, 0
1, 0, 3.9683e-06, 0.012665, 0, 0
1, 0, 0.018301, 1.8146e-10, 0, 0
1, 0, 5.1485e-05, 1.4539e-06, 0, 0
1, 0, 0.00090255, 0.00013885, 0, 0
1, 0, 4.3785e-11, 8.3319e-11, 0, 0
1, 0, 0.0078244, 1.9315e-11, 0, 0
1, 0, 2.5649e-08, 2.0857e-08, 0, 0
1, 0, 1.2656e-10, 1.5774e-10, 0, 0
1, 0, 2.0057e-12, 0.001416, 0, 0
1, 0, 0.0014125, 3.9477e-08, 0, 0
1, 0, 3.3952e-07, 1.3051e-09, 0, 0
1, 0, 2.8749e-06, 9.6404e-10, 0, 0
1, 0, 0.033966, 0.00072758, 0, 0
1, 0, 1.2638e-07, 5.5152e-12, 0, 0
1, 0, 6.9687e-07, 1.8e-08, 0, 0
1, 0, 1.1125e-09, 1.292e-05, 0, 0
1, 0, 0.019269, 5.4865e-10, 0, 0
1, 0, 0.010493, 3.4185e-05, 0, 0
1, 0, 1.3488e-10, 4.8422e-11, 0, 0
1, 0, 4.5124e-08, 5.827e-07, 0, 0
1, 0, 1.6192e-12, 8.0521e-05, 0, 0
1, 0, 3.2788e-07, 1.1415e-10, 0, 0
1, 0, 0.027864, 0.010793, 0, 0
1, 0, 0.0003288, 4.1775e-11, 0, 0
1, 0, 4.3961e-08, 2.8679e-05, 0, 0
1, 0, 0.00059506, 0.00079173, 0, 0
1, 0, 9.438e-08, 0.0083601, 0, 0
1, 0, 0.021984, 1.2747e-11, 0, 0
1, 0, 5.7213e-05, 1.6423e-06, 0, 0
1, 0, 8.4131e-06, 0.00012399, 0, 0
1, 0, 3.3366e-06, 4.0093e-10, 0, 0
1, 0, 1.0716e-09, 0.00010732, 0, 0
1, 0, 0.0020419, 4.8278e-12, 0, 0
1, 0, 2.6102e-10, 3.539e-11, 0, 0
1, 0, 1.2461e-06, 0.038568, 0, 0
1, 0, 4.6058e-10, 2.7247e-12, 0, 0
1, 0, 5.7461e-09, 0.00047062, 0, 0
1, 0, 9.1152e-07, 1.0166e-06, 0, 0
1, 0, 0.0039487, 1.4999e-06, 0, 0
1, 0, 1.6215e-05, 1.1842e-09, 0, 0
1, 0, 1.7408e-09, 0.00093198, 0, 0
1, 0, 4.1285e-09, 0.030063, 0, 0
1, 0, 0.00010438, 0.0016214, 0, 0
1, 0, 3.3267e-08, 1.0874e-10, 0, 0
1, 0, 0.0041198, 4.5674e-11, 0, 0
1, 0, 0.00041809, 4.3165e-11, 0, 0
1, 0, 6.7564e-09, 5.6857e-12, 0, 0
1, 0, 5.5231e-12, 4.7897e-10, 0, 0
1, 0, 1.6572e-05, 7.4879e-06, 0, 0
1, 0, 0.0024415, 4.4336e-06, 0, 0
1, 0, 0.00012564, 7.1183e-08, 0, 0
1, 0, 2.2024e-05, 1.3975e-09, 0, 0
1, 0, 9.6498e-08, 1.2951e-09, 0, 0
1, 0, 5.1106e-09, 1.2121e-11, 0, 0
1, 0, 6.2091e-09, 1.7235e-05, 0, 0
1, 0, 0.00077358, 3.738e-06, 0, 0
1, 0, 0.00067276, 2.2097e-09, 0, 0
1, 0, 3.442e-12, 1.3786e-07, 0, 0
1, 0, 3.541e-10, 1.996e-05, 0, 0
1, 0, 4.2891e-12, 0.015585, 0, 0
1, 0, 0.003788, 9.0779e-09, 0, 0
1, 0, 0.00084255, 0.00041433, 0, 0
1, 0, 5.2226e-09, 8.2654e-10, 0, 0
1, 0, 8.1996e-06, 1.1047e-06, 0, 0
1, 0, 0.012125, 1.0897e-09, 0, 0
1, 0, 1.9572e-10, 2.3105e-06, 0, 0
1, 0, 9.6625e-10, 3.1592e-05, 0, 0
1, 0, 3.1649e-07, 6.7199e-06, 0, 0
1, 0, 0.00014921, 1.3982e-10, 0, 0
1, 0, 0.0099574, 2.9119e-11, 0, 0
1, 0, 1.6126e-10, 9.256e-08, 0, 0
1, 0, 0.00056167, 6.6265e-12, 0, 0
1, 0, 5.736e-08, 1.0829e-07, 0, 0
1, 0, 1.9625e-05, 2.9505e-12, 0, 0
1, 0, 1.6229e-10, 3.1921e-08, 0, 0
1, 0, 1.5778e-05, 2.1864e-10, 0, 0
1, 0, 2.4439e-09, 0.042029, 0, 0
1, 0, 1.8985e-10, 6.066e-11, 0, 0
1, 0, 2.5104e-05, 1.0799e-07, 0, 0
1, 0, 3.9851e-05, 0.0038445, 0, 0
1, 0, 1.8058e-05, 1.5148e-06, 0, 0
1, 0, 1.4451e-06, 8.699e-11, 0, 0
1, 0, 1.2209e-06, 0.00073121, 0, 0
1, 0, 2.8543e-06, 7.3266e-11, 0, 0
1, 0, 0.00064659, 0.00036261, 0, 0
1, 0, 1.8392e-06, 7.9138e-08, 0, 0
1, 0, 4.5689e-10, 6.3786e-09, 0, 0
1, 0, 6.4072e-07, 1.6238e-08, 0, 0
1, 0, 3.6492e-10, 2.9945e-08, 0, 0
1, 0, 0.0024431, 4.9849e-10, 0, 0
1, 0, 0.0018456, 3.5181e-06, 0, 0
1, 0, 0.008019, 8.6876e-09, 0, 0
1, 0, 0.00033838, 6.6955e-11, 0, 0
1, 0, 1.001e-12, 2.2615e-05, 0, 0
1, 0, 6.0069e-11, 3.9971e-11, 0, 0
1, 0, 8.8326e-08, 1.011e-08, 0, 0
1, 0, 0.00042025, 2.5032e-12, 0, 0
1, 0, 0.0002359, 2.9399e-08, 0, 0
1, 0, 3.2503e-10, 1.4458e-07, 0, 0
1, 0, 5.5595e-09, 1.4624e-05, 0, 0
1, 0, 6.9817e-11, 4.8762e-06, 0, 0
1, 0, 7.4893e-12, 3.9978e-09, 0, 0
1, 0, 4.3693e-11, 7.4444e-07, 0, 0
1, 0, 0.010252, 1.2904e-06, 0, 0
1, 0, 2.6564e-06, 3.2489e-05, 0, 0
1, 0, 0.0002347, 0.016627, 0, 0
1, 0, 8.6712e-10, 8.745e-12, 0, 0
1, 0, 2.0802e-05, 2.2228e-08, 0, 0
1, 0, 0.037352, 2.0406e-10, 0, 0
1, 0, 0.056955, 0.00054333, 0, 0
1, 0, 4.7836e-05, 4.6433e-11, 0, 0
1, 0, 0.00037995, 0.0068469, 0, 0
1, 0, 0.00011686, 0.041795, 0, 0
1, 0, 0.00013694, 0.00030801, 0, 0
1, 0, 2.2252e-05, 1.8412e-05, 0, 0
1, 0, 4.5449e-08, 2.6091e-05, 0, 0
1, 0, 0.00098026, 0.001804, 0, 0
1, 0, 8.0788e-06, 5.5819e-06, 0, 0
1, 0, 4.8584e-10, 0.005432, 0, 0
1, 0, 1.5184e-12, 1.9804e-05, 0, 0
1, 0, 0.00031384, 1.4227e-10, 0, 0
1, 0, 2.5842e-10, 1.8329e-09, 0, 0
1, 0, 0.008236, 1.0368e-07, 0, 0
1, 0, 0.0024731, 9.0962e-08, 0, 0
1, 0, 0.00015602, 2.4564e-12, 0, 0
1, 0, 0.0075929, 0.00028888, 0, 0
1, 0, 0.0075771, 1.4889e-10, 0, 0
1, 0, 2.5929e-09, 0.0031456, 0, 0
1, 0, 3.9502e-09, 1.1194e-10, 0, 0
1, 0, 0.015867, 0.00057436, 0, 0
1, 0, 3.897e-10, 0.00014661, 0, 0
1, 0, 5.1416e-08, 0.00027752, 0, 0
1, 0, 7.9675e-05, 5.0415e-08, 0, 0
1, 0, 5.9965e-06, 8.539e-06, 0, 0
1, 0, 0.00074166, 3.8539e-08, 0, 0
1, 0, 5.5227e-09, 1.5016e-06, 0, 0
1, 0, 3.8129e-07, 3.3315e-07, 0, 0
1, 0, 3.2944e-06, 0.00021769, 0, 0
1, 0, 2.0378e-11, 0.0081591, 0, 0
1, 0, 0.0043128, 0.00094868, 0, 0
1, 0, 0.00014535, 8.7882e-07, 0, 0
1, 0, 0.0041746, 1.1813e-08, 0, 0
1, 0, 8.9156e-06, 0.0013358, 0, 0
1, 0, 8.8744e-10, 4.2718e-08, 0, 0
1, 0, 6.14e-10, 2.8811e-05, 0, 0
1, 0, 8.2994e-05, 4.3679e-07, 0, 0
1, 0, 1.5119e-05, 0.00099401, 0, 0
1, 0, 6.9664e-09, 6.0561e-12, 0, 0
1, 0, 0.013091, 1.1742e-10, 0, 0
1, 0, 1.0121e-09, 3.7483e-10, 0, 0
1, 0, 4.3122e-07, 0.00022353, 0, 0
1, 0, 3.294e-09, 2.3916e-11, 0, 0
1, 0, 2.5008e-10, 1.412e-06, 0, 0
1, 0, 6.0398e-10, 0.00034812, 0, 0
1, 0, 2.2863e-05, 5.276e-12, 0, 0
1, 0, 1.2894e-10, 0.00013207, 0, 0
1, 0, 0.0034284, 1.9607e-05, 0, 0
1, 0, 0.00035246, 8.8838e-05, 0, 0
1, 0, 1.0936e-08, 1.0248e-05, 0, 0
1, 0, 0.0069733, 0.00030715, 0, 0
1, 0, 2.6562e-08, 9.9159e-08, 0, 0
1, 0, 1.1139e-05, 1.5212e-11, 0, 0
1, 0, 1.1113e-08, 2.8793e-08, 0, 0
1, 0, 5.9439e-10, 8.1342e-10, 0, 0
1, 0, 4.5973e-07, 1.2323e-06, 0, 0
1, 0, 5.7801e-11, 2.5448e-10, 0, 0
1, 0, 1.8747e-08, 0.00012266, 0, 0
1, 0, 2.3111e-11, 7.9471e-12, 0, 0
1, 0, 7.3048e-07, 0.00023163, 0, 0
1, 0, 7.815e-10, 2.5708e-06, 0, 0
1, 0, 4.0141e-06, 6.7807e-05, 0, 0
1, 0, 1.046e-08, 8.5567e-05, 0, 0
1, 0, 7.9981e-08, 1.6325e-06, 0, 0
1, 0, 0.010817, 4.5918e-07, 0, 0
1, 0, 4.5102e-12, 0.00069881, 0, 0
1, 0, 0.0028812, 2.057e-05, 0, 0
1, 0, 1.0184e-06, 3.2126e-08, 0, 0
1, 0, 0.00015742, 0.00025291, 0, 0
1, 0, 0, 0, 0, 0
1, 0, 0, 0, 0, 0
1, 0, 0, 0, 0, 0
1, 0, 0, 0, 0, 0
1, 0, 1.3295e+19, 2.2066e+12, 0, 0
1, 0, 3.2537e+13, 3.992e+13, 0, 0
1, 0, 4.2895e+12, 1.2691e+16, 0, 0
1, 0, 3.7992e+15, 5.8028e+14, 0, 0
1, 0, 6.8469e+14, 0.0030229, 0, 0
1, 0, 0.0028473, 7.651e-11, 0, 0
1, 0, 9.9388e-06, 1.2931e-10, 0, 0
1, 0, 4.8415e-09, 0.042451, 0, 0
1, 0, 0.0040967, 4.3606e-11, 0, 0
1, 0, 3.3389e-05, 8.3901e-09, 0, 0
1, 0, 1.774e-11, 1.5029e-09, 0, 0
1, 0, 4.3062e-12, 1.0153e-11, 0, 0
1, 0, 2.0043e-07, 1.1045e-06, 0, 0
1, 0, 7.9485e-06, 5.7331e-11, 0, 0
1, 0, 3.906e-10, 2.5862e-12, 0, 0
1, 0, 0.0026774, 0.036323, 0, 0
1, 0, 0.01682, 0.0013103, 0, 0
1, 0, 1.8168e-11, 9.0333e-05, 0, 0
1, 0, 1.3676e-13, 0.019818, 0, 0
1, 0, 1.2121e-07, 4.2362e-05, 0, 0
1, 0, 1.3872e-05, 4.2725e-05, 0, 0
1, 0, 0.0012232, 7.8488e-07, 0, 0
1, 0, 1.3074e-09, 0.00029048, 0, 0
1, 0, 4.389e-10, 7.5743e-10, 0, 0
1, 0, 4.0034e-07, 5.2562e-12, 0, 0
1, 0, 0.0024998, 9.6186e-13, 0, 0
1, 0, 1.7795e-09, 1.2746e-11, 0, 0
1, 0, 1.0286e-11, 8.7893e-05, 0, 0
1, 0, 5.3962e-07, 5.2049e-06, 0, 0
1, 0, 0.00035271, 6.0276e-10, 0, 0
1, 0, 2.079e-09, 2.0285e-05, 0, 0
1, 0, 5.7496e-10, 0.00066313, 0, 0
1, 0, 0.0016922, 0.00032189, 0, 0
1, 0, 1.6476e-11, 1.9652e-11, 0, 0
1, 0, 3.4616e-08, 1.3828e-07, 0, 0
1, 0, 9.875e-10, 0.0013976, 0, 0
1, 0, 1.6929e-08, 3.1479e-09, 0, 0
1, 0, 9.2796e-11, 5.3483e-10, 0, 0
1, 0, 1.0227e-09, 0.0077873, 0, 0
1, 0, 0.044117, 3.4717e-08, 0, 0
1, 0, 9.2111e-10, 6.8733e-06, 0, 0
1, 0, 3.5979e-11, 1.1496e-12, 0, 0
1, 0, 5.2094e-09, 5.0973e-06, 0, 0
1, 0, 2.9508e-10, 5.8427e-11, 0, 0
1, 0, 0.0019611, 3.6644e-05, 0, 0
1, 0, 6.9403e-05, 6.8123e-11, 0, 0
1, 0, 0.010832, 3.5813e-06, 0, 0
1, 0, 4.0437e-10, 4.8285e-07, 0, 0
1, 0, 4.5471e-06, 7.0733e-08, 0, 0
1, 0, 1.1644e-11, 1.247e-06, 0, 0
1, 0, 8.4804e-10, 1.6982e-06, 0, 0
1, 0, 3.5674e-11, 0.00012475, 0, 0
1, 0, 2.7883e-09, 0.002645, 0, 0
1, 0, 3.4911e-07, 1.2558e-07, 0, 0
1, 0, 9.1115e-05, 2.548e-08, 0, 0
1, 0, 1.8804e-07, 1.5461e-05, 0, 0
1, 0, 3.0555e-06, 2.693e-09, 0, 0
1, 0, 0.00093644, 1.616e-12, 0, 0
1, 0, 0.0056887, 7.4657e-06, 0, 0
1, 0, 4.6846e-11, 4.0817e-08, 0, 0
1, 0, 1.9783e-05, 1.0798e-09, 0, 0
1, 0, 0.0044883, 0.0069608, 0, 0
1, 0, 1.454e-11, 0.00014513, 0, 0
1, 0, 7.9912e-11, 3.0884e-08, 0, 0
1, 0, 2.8961e-05, 8.635e-07, 0, 0
1, 0, 1.0015e-08, 1.0486e-11, 0, 0
1, 0, 0.010457, 6.945e-09, 0, 0
1, 0, 9.6279e-09, 7.2232e-09, 0, 0
1, 0, 0.0028007, 5.8521e-05, 0, 0
1, 0, 0.0076253, 8.2475e-07, 0, 0
1, 0, 2.0969e-11, 1.6253e-12, 0, 0
1, 0, 1.3415e-06, 3.2022e-05, 0, 0
1, 0, 1.9124e-11, 2.0503e-08, 0, 0
1, 0, 4.995e-07, 0.0054673, 0, 0
1, 0, 3.9683e-06, 0.012665, 0, 0
1, 0, 0.018301, 1.8146e-10, 0, 0
1, 0, 5.1485e-05, 1.4539e-06, 0, 0
1, 0, 0.00090255, 0.00013885, 0, 0
1, 0, 4.3785e-11, 8.3319e-11, 0, 0
1, 0, 0.0078244, 1.9315e-11, 0, 0
1, 0, 2.5649e-08, 2.0857e-08, 0, 0
1, 0, 1.2656e-10, 1.5774e-10, 0, 0
1, 0, 2.0057e-12, 0.001416, 0, 0
1, 0, 0.0014125, 3.9477e-08, 0, 0
1, 0, 3.3952e-07, 1.3051e-09, 0, 0
1, 0, 2.8749e-06, 9.6404e-10, 0, 0
1, 0, 0.033966, 0.00072758, 0, 0
1, 0, 1.2638e-07, 5.5152e-12, 0, 0
1, 0, 6.9687e-07, 1.8e-08, 0, 0
1, 0, 1.1125e-09, 1.292e-05, 0, 0
1, 0, 0.019269, 5.4865e-10, 0, 0
1, 0, 0.010493, 3.4185e-05, 0, 0
1, 0, 1.3488e-10, 4.8422e-11, 0, 0
1, 0, 4.5124e-08, 5.827e-07, 0, 0
1, 0, 1.6192e-12, 8.0521e-05, 0, 0
1, 0, 3.2788e-07, 1.1415e-10, 0, 0
1, 0, 0.027864, 0.010793, 0, 0
1, 0, 0.0003288, 4.1775e-11, 0, 0
1, 0, 4.3961e-08, 2.8679e-05, 0, 0
1, 0, 0.00059506, 0.00079173, 0, 0
1, 0, 9.438e-08, 0.0083601, 0, 0
1, 0, 0.021984, 1.2747e-11, 0, 0
1, 0, 5.7213e-05, 1.6423e-06, 0, 0
1, 0, 8.4131e-06, 0.00012399, 0, 0
1, 0, 3.3366e-06, 4.0093e-10, 0, 0
1, 0, 1.0716e-09, 0.00010732, 0, 0
1, 0, 0.0020419, 4.8278e-12, 0, 0
1, 0, 2.6102e-10, 3.539e-11, 0, 0
1, 0, 1.2461e-06, 0.038568, 0, 0
1, 0, 4.6058e-10, 2.7247e-12, 0, 0
1, 0, 5.7461e-09, 0.00047062, 0, 0
1, 0, 9.1152e-07, 1.0166e-06, 0, 0
1, 0, 0.0039487, 1.4999e-06, 0, 0
1, 0, 1.6215e-05, 1.1842e-09, 0, 0
1, 0, 1.7408e-09, 0.00093198, 0, 0
1, 0, 4.1285e-09, 0.030063, 0, 0
1, 0, 0.00010438, 0.0016214, 0, 0
1, 0, 3.3267e-08, 1.0874e-10, 0, 0
1, 0, 0.0041198, 4.5674e-11, 0, 0
1, 0, 0.00041809, 4.3165e-11, 0, 0
1, 0, 6.7564e-09, 5.6857e-12, 0, 0
1, 0, 5.5231e-12, 4.7897e-10, 0, 0
1, 0, 1.6572e-05, 7.4879e-06, 0, 0
1, 0, 0.0024415, 4.4336e-06, 0, 0
1, 0, 0.00012564, 7.1183e-08, 0, 0
1, 0, 2.2024e-05, 1.3975e-09, 0, 0
1, 0, 9.6498e-08, 1.2951e-09, 0, 0
1, 0, 5.1106e-09, 1.2121e-11, 0, 0
1, 0, 6.2091e-09, 1.7235e-05, 0, 0
1, 0, 0.00077358, 3.738e-06, 0, 0
1, 0, 0.00067276, 2.2097e-09, 0, 0
1, 0, 3.442e-12, 1.3786e-07, 0, 0
1, 0, 3.541e-10, 1.996e-05, 0, 0
1, 0, 4.2891e-12, 0.015585, 0, 0
1, 0, 0.003788, 9.0779e-09, 0, 0
1, 0, 0.00084255, 0.00041433, 0, 0
1, 0, 5.2226e-09, 8.2654e-10, 0, 0
1, 0, 8.1996e-06, 1.1047e-06, 0, 0
1, 0, 0.012125, 1.0897e-09, 0, 0
1, 0, 1.9572e-10, 2.3105e-06, 0, 0
1, 0, 9.6625e-10, 3.1592e-05, 0, 0
1, 0, 3.1649e-07, 6.7199e-06, 0, 0
1, 0, 0.00014921, 1.3982e-10, 0, 0
1, 0, 0.0099574, 2.9119e-11, 0, 0
1, 0, 1.6126e-10, 9.256e-08, 0, 0
1, 0, 0.00056167, 6.6265e-12, 0, 0
1, 0, 5.736e-08, 1.0829e-07, 0, 0
1, 0, 1.9625e-05, 2.9505e-12, 0, 0
1, 0, 1.6229e-10, 3.1921e-08, 0, 0
1, 0, 1.5778e-05, 2.1864e-10, 0, 0
1, 0, 2.4439e-09, 0.042029, 0, 0
1, 0, 1.8985e-10, 6.066e-11, 0, 0
1, 0, 2.5104e-05, 1.0799e-07, 0, 0
1, 0, 3.9851e-05, 0.0038445, 0, 0
1, 0, 1.8058e-05, 1.5148e-06, 0, 0
1, 0, 1.4451e-06, 8.699e-11, 0, 0
1, 0, 1.2209e-06, 0.00073121, 0, 0
1, 0, 2.8543e-06, 7.3266e-11, 0, 0
1, 0, 0.00064659, 0.00036261, 0, 0
1, 0, 1.8392e-06, 7.9138e-08, 0, 0
1, 0, 4.5689e-10, 6.3786e-09, 0, 0
1, 0, 6.4072e-07, 1.6238e-08, 0, 0
1, 0, 3.6492e-10, 2.9945e-08, 0, 0
1, 0, 0.0024431, 4.9849e-10, 0, 0
1, 0, 0.0018456, 3.5181e-06, 0, 0
1, 0, 0.008019, 8.6876e-09, 0, 0
1, 0, 0.00033838, 6.6955e-11, 0, 0
1, 0, 1.001e-12, 2.2615e-05, 0, 0
1, 0, 6.0069e-11, 3.9971e-11, 0, 0
1, 0, 8.8326e-08, 1.011e-08, 0, 0
1, 0, 0.00042025, 2.5032e-12, 0, 0
1, 0, 0.0002359, 2.9399e-08, 0, 0
1, 0, 3.2503e-10, 1.4458e-07, 0, 0
1, 0, 5.5595e-09, 1.4624e-05, 0, 0
1, 0, 6.9817e-11, 4.8762e-06, 0, 0
1, 0, 7.4893e-12, 3.9978e-09, 0, 0
1, 0, 4.3693e-11, 7.4444e-07, 0, 0
1, 0, 0.010252, 1.2904e-06, 0, 0
1, 0, 2.6564e-06, 3.2489e-05, 0, 0
1, 0, 0.0002347, 0.016627, 0, 0
1, 0, 8.6712e-10, 8.745e-12, 0, 0
1, 0, 2.0802e-05, 2.2228e-08, 0, 0
1, 0, 0.037352, 2.0406e-10, 0, 0
1, 0, 0.056955, 0.00054333, 0, 0
1, 0, 4.7836e-05, 4.6433e-11, 0, 0
1, 0, 0.00037995, 0.0068469, 0, 0
1, 0, 0.00011686, 0.041795, 0, 0
1, 0, 0.00013694, 0.00030801, 0, 0
1, 0, 2.2252e-05, 1.8412e-05, 0, 0
1, 0, 4.5449e-08, 2.6091e-05, 0, 0
1, 0, 0.00098026, 0.001804, 0, 0
1, 0, 8.0788e-06, 5.5819e-06, 0, 0
1, 0, 4.8584e-10, 0.005432, 0, 0
1, 0, 1.5184e-12, 1.9804e-05, 0, 0
1, 0, 0.00031384, 1.4227e-10, 0, 0
1, 0, 2.5842e-10, 1.8329e-09, 0, 0
1, 0, 0.008236, 1.0368e-07, 0, 0
1, 0, 0.0024731, 9.0962e-08, 0, 0
1, 0, 0.00015602, 2.4564e-12, 0, 0
1, 0, 0.0075929, 0.00028888, 0, 0
1, 0, 0.0075771, 1.4889e-10, 0, 0
1, 0, 2.5929e-09, 0.0031456, 0, 0
1, 0, 3.9502e-09, 1.1194e-10, 0, 0
1, 0, 0.015867, 0.00057436, 0, 0
1, 0, 3.897e-10, 0.00014661, 0, 0
1, 0, 5.1416e-08, 0.00027752, 0, 0
1, 0, 7.9675e-05, 5.0415e-08, 0, 0
1, 0, 5.9965e-06, 8.539e-06, 0, 0
1, 0, 0.00074166, 3.8539e-08, 0, 0
1, 0, 5.5227e-09, 1.5016e-06, 0, 0
1, 0, 3.8129e-07, 3.3315e-07, 0, 0
1, 0, 3.2944e-06, 0.00021769, 0, 0
1, 0, 2.0378e-11, 0.0081591, 0, 0
1, 0, 0.0043128, 0.00094868, 0, 0
1, 0, 0.00014535, 8.7882e-07, 0, 0
1, 0, 0.0041746, 1.1813e-08, 0, 0
1, 0, 8.9156e-06, 0.0013358, 0, 0
1, 0, 8.8744e-10, 4.2718e-08, 0, 0
1, 0, 6.14e-10, 2.8811e-05, 0, 0
1, 0, 8.2994e-05, 4.3679e-07, 0, 0
1, 0, 1.5119e-05, 0.00099401, 0, 0
1, 0, 6.9664e-09, 6.0561e-12, 0, 0
1, 0, 0.013091, 1.1742e-10, 0, 0
1, 0, 1.0121e-09, 3.7483e-10, 0, 0
1, 0, 4.3122e-07, 0.00022353, 0, 0
1, 0, 3.294e-09, 2.3916e-11, 0, 0
1, 0, 2.5008e-10, 1.412e-06, 0, 0
1, 0, 6.0398e-10, 0.00034812, 0, 0
1, 0, 2.2863e-05, 5.276e-12, 0, 0
1, 0, 1.2894e-10, 0.00013207, 0, 0
1, 0, 0.0034284, 1.9607e-05, 0, 0
1, 0, 0.00035246, 8.8838e-05, 0, 0
1, 0, 1.0936e-08, 1.0248e-05, 0, 0
1, 0, 0.0069733, 0.00030715, 0, 0
1, 0, 2.6562e-08, 9.9159e-08, 0, 0
1, 0, 1.1139e-05, 1.5212e-11, 0, 0
1, 0, 1.1113e-08, 2.8793e-08, 0, 0
1, 0, 5.9439e-10, 8.1342e-10, 0, 0
1, 0, 4.5973e-07, 1.2323e-06, 0, 0
1, 0, 5.7801e-11, 2.5448e-10, 0, 0
1, 0, 1.8747e-08, 0.00012266, 0, 0
1, 0, 2.3111e-11, 7.9471e-12, 0, 0
1, 0, 7.3048e-07, 0.00023163, 0, 0
1, 0, 7.815e-10, 2.5708e-06, 0, 0
1, 0, 4.0141e-06, 6.7807e-05, 0, 0
1, 0, 1.046e-08, 8.5567e-05, 0, 0
1, 0, 7.9981e-08, 1.6325e-06, 0, 0
1, 0, 0.010817, 4.5918e-07, 0, 0
