# Time, Mass, X position, Y position
0, 1000000000, -98.113, 125.13
0, 1000000000, -60.274, -17.472
0, 1000000000, 127.91, -84.91
0, 1000000000, -43.381, -6.2396
0, 1000000000, 99.517, 112.58
0, 1000000000, 99.517, 112.89
0, 1000000000, -70.237, -65.358
0, 1000000000, -32.576, -220.51
0, 1000000000, -50.558, 176.06
0, 1000000000, -999.35, -64.103
10,1000000000, -83.385437062,98.9551020857
10,1000000000, -107.231718547,13.082706174
10,1000000000, 105.072247051,-111.63551148
10,1000000000, -44.8385257851,53.6325075289
10,2000000000, 103.83342833,108.162090941
10,1000000000, -96.8554199677,-77.3666472545
10,1000000000, -56.8909555702,-210.89965266
10,1000000000, -41.238252527,183.77000909
10,1000000000, -1019.41394025,-96.6329953671
20,1000000000, -68.6561287652,72.7782980412
20,1000000000, -154.187696068,43.6381867734
20,1000000000, 82.233904759,-138.360544281
20,1000000000, -46.2978180368,113.505463659
20,2000000000, 108.148988984,103.743898602
20,1000000000, -123.473393238,-89.3741125427
20,1000000000, -81.2058395704,-201.288455203
20,1000000000, -31.918476759,191.478350732
20,1000000000, -1039.47782229,-129.162984383
30,1000000000, -53.9255964754,46.6040387006
30,1000000000, -201.14210448,74.1938372611
30,1000000000, 59.3950599859,-165.085144299
30,1000000000, -47.7582144207,173.376224429
30,2000000000, 112.463670184,99.3255933374
30,1000000000, -150.090885302,-101.38118517
30,1000000000, -105.520650359,-191.67635989
30,1000000000, -22.5987395579,199.184667717
30,1000000000, -1059.54164776,-161.692965424
40,1000000000, -39.1949555393,20.4302570202
40,1000000000, -248.095687792,104.749324257
40,1000000000, 36.5557562769,-191.809326612
40,1000000000, -49.2148481102,233.249788402
40,2000000000, 116.777589276,94.9072785266
40,1000000000, -176.707751203,-113.388313074
40,1000000000, -129.835451365,-182.063277687
40,1000000000, -13.2824064223,206.886527626
40,1000000000, -1079.6054184,-194.222936986
50,1000000000, -24.4641612743,-5.74332465928
50,1000000000, -295.048770535,135.30464863
50,1000000000, 13.7160429644,-218.533077182
50,1000000000, -50.6686679313,293.120850757
50,2000000000, 121.090876323,90.4889685444
50,1000000000, -203.323744745,-125.395885309
50,1000000000, -154.150451935,-172.449076517
50,1000000000, -3.96859316149,214.589724886
50,1000000000, -1099.66913603,-226.752897695
60,1000000000, -9.73325058019,-31.9167617394
60,1000000000, -342.001511627,165.859832051
60,1000000000, -9.12400683086,-245.25638075
60,1000000000, -52.1220356995,352.990877712
60,2000000000, 125.40363444,86.0706492228
60,1000000000, -229.938398239,-137.404221869
60,1000000000, -178.466133971,-162.833638508
60,1000000000, 5.34499460095,222.293040982
60,1000000000, -1119.73280253,-259.282846323
70,1000000000, 4.99771416336,-58.0900419768
70,1000000000, -388.954003802,196.414894864
70,1000000000, -31.9643070642,-271.979242663
70,1000000000, -53.5752584623,412.860355412
70,2000000000, 129.715948264,81.6523074449
70,1000000000, -256.550974153,-149.413303055
70,1000000000, -202.783287733,-153.217141819
70,1000000000, 14.6586183704,229.996146148
70,1000000000, -1139.79641985,-291.8127818
80,1000000000, 19.7286785879,-84.2631346307
80,1000000000, -435.906306482,226.969854244
80,1000000000, -54.8047776816,-298.701692279
80,1000000000, -55.0284206092,472.729482577
80,2000000000, 134.027890539,77.2339378622
80,1000000000, -283.161032034,-161.42244604
80,1000000000, -227.102429674,-143.600386186
80,1000000000, 23.9723287406,237.69894981
80,1000000000, -1159.85998993,-324.34270322
90,1000000000, 34.4596060178,-110.436015586
90,1000000000, -482.858460046,257.524724343
90,1000000000, -77.6453562582,-325.423774292
90,1000000000, -56.4815549637,532.598362774
90,2000000000, 138.339523798,72.8155421522
90,1000000000, -309.769056103,-173.430938722
90,1000000000, -251.423156588,-133.984161773
90,1000000000, 33.2861310812,245.401428798
90,1000000000, -1179.92351474,-356.872609846
100,1000000000, 49.190474716,-136.608674869
100,1000000000, -529.810493127,288.079516775
100,1000000000, -100.486000027,-352.14553791
100,1000000000, -57.9346766708,592.467058085
100,2000000000, 142.650900744,68.3971263975
100,1000000000, -336.375796004,-185.43863515
100,1000000000, -275.744791487,-124.36866301
100,1000000000, 42.6000173304,253.103584385
100,1000000000, -1199.98699622,-389.402501102
110,1000000000, 63.9212733016,-162.78111475
110,1000000000, -576.762426727,318.634241123
110,1000000000, -123.326682258,-378.867029353
110,1000000000, -59.387793411,652.335609137
110,2000000000, 146.962064937,63.9786985893
110,1000000000, -362.981753283,-197.445665484
110,1000000000, -300.066892604,-114.753789356
110,1000000000, 51.9139753731,260.805428073
110,1000000000, -1220.05043627,-421.932376569
120,1000000000, 78.6519971451,-188.953345524
120,1000000000, -623.71427668,349.188905354
120,1000000000, -146.167387239,-405.588288527
120,1000000000, -60.8409092947,712.204044165
120,2000000000, 151.273051922,59.5602668878
120,1000000000, -389.587206852,-209.452188672
120,1000000000, -324.389228715,-105.139400431
120,1000000000, 61.2279924968,268.50697582
120,1000000000, -1240.11383671,-454.46223596
130,1000000000, 93.3826458049,-215.125381776
130,1000000000, -670.666055213,379.743516159
130,1000000000, -169.008106092,-432.309348473
130,1000000000, -62.2940265798,772.072383677
130,2000000000, 155.583890538,55.1418386493
130,1000000000, -416.192312638,-221.458330851
130,1000000000, -348.711681845,-95.5253822616
130,1000000000, 70.5420567737,276.208245335
130,1000000000, -1260.17719929,-486.992079108
140,1000000000, 108.113221292,-241.297239752
140,1000000000, -717.617771964,410.298079208
140,1000000000, -191.848833933,-459.030236102
140,1000000000, -63.7471465067,831.940643084
140,2000000000, 159.894604167,50.7234200109
140,1000000000, -442.797163012,-233.464183788
140,1000000000, -373.034190133,-85.9116514166
140,1000000000, 79.8561575833,283.909254685
140,1000000000, -1280.24052566,-519.521905939
150,1000000000, 122.843726946,-267.468935754
150,1000000000, -764.569434669,440.85259935
150,1000000000, -214.689568137,-485.750973288
150,1000000000, -65.2002697353,891.808834283
150,2000000000, 164.20521183,46.3050158142
150,1000000000, -469.401816419,-245.469813532
150,1000000000, -397.356719997,-76.2981477734
150,1000000000, 89.1702857449,291.610021545
150,1000000000, -1300.30381739,-552.05171646
160,1000000000, 137.574166741,-293.640485248
160,1000000000, -811.521049639,471.407080761
160,1000000000, -237.53030733,-512.471577909
160,1000000000, -66.6533965851,951.676966666
160,2000000000, 168.515729073,41.8866297024
160,1000000000, -496.006312143,-257.475268182
160,1000000000, -421.679252712,-66.6848275586
160,1000000000, 98.484433471,299.310562801
160,1000000000, -1320.36707595,-584.581510737
170,1000000000, 152.304544864,-319.811902448
170,1000000000, -858.472622092,501.961527064
170,1000000000, -260.371050828,-539.192064717
170,1000000000, -68.1065271727,1011.54504778
170,2000000000, 172.826168679,37.4682642901
170,1000000000, -522.610677979,-269.480583404
170,1000000000, -446.001777689,-57.0716583154
170,1000000000, 107.798594241,307.010894339
170,1000000000, -1340.4303027,-617.111288881
180,1000000000, 167.034865471,-345.983200178
180,1000000000, -905.424156405,532.515941418
180,1000000000, -283.211798316,-565.912446015
180,1000000000, -69.5596614934,1071.4130838
180,2000000000, 177.13654123,33.0499213478
180,1000000000, -549.21493445,-281.485786149
180,1000000000, -470.324288971,-47.4586154913
180,1000000000, 117.112762649,314.71103096
180,1000000000, -1360.49349894,-649.641051041
190,1000000000, 181.765132551,-372.154389879
190,1000000000, -952.375656284,563.070326596
190,1000000000, -306.052549679,-592.632732176
190,1000000000, -71.0127994706,1131.28107982
190,2000000000, 181.446855538,28.631601975
190,1000000000, -575.819097245,-293.490897146
190,1000000000, -494.646783314,-37.8456801459
190,1000000000, 126.426934246,322.410986366
190,1000000000, -1380.55666588,-682.170797388
200,1000000000, 196.49534986,-398.325481704
200,1000000000, -999.327124901,593.624685042
200,1000000000, -328.893304906,-619.352932037
200,1000000000, -72.4659409862,1191.14904013
200,2000000000, 185.75711899,24.21330675
200,1000000000, -602.423178707,-305.495932602
200,1000000000, -518.9692591,-28.2328373987
200,1000000000, 135.741105399,330.110773187
200,1000000000, -1400.61980464,-714.700528114
210,1000000000, 211.225520887,-424.496484632
210,1000000000, -1046.278565,624.179018917
210,1000000000, -351.734064037,-646.073053201
210,1000000000, -73.9190858997,1251.01696833
210,2000000000, 190.067337817,19.795035854
210,1000000000, -629.027188766,-317.500905374
210,1000000000, -543.291715694,-18.6200753604
210,1000000000, 145.055273158,337.810403033
210,1000000000, -1420.68291629,-747.230243423
220,1000000000, 225.955648852,-450.667406604
220,1000000000, -1093.22997895,654.733330144
220,1000000000, -374.574827134,-672.793102266
220,1000000000, -75.37223406,1310.88486753
220,2000000000, 194.377517301,15.3767891704
220,1000000000, -655.631135569,-329.505825786
220,1000000000, -567.614153064,-9.00738438571
220,1000000000, 154.369435146,345.509886555
220,1000000000, -1440.74600182,-779.759943526
230,1000000000, 240.68573671,-476.838254644
230,1000000000, -1140.18136886,685.287620437
230,1000000000, -397.415594268,-699.513085001
230,1000000000, -76.8253853128,1370.75274038
230,2000000000, 198.687661948,10.9585663648
230,1000000000, -682.235025903,-341.510702234
230,1000000000, -591.936571545,0.605243459555
230,1000000000, 163.683589461,353.209233518
230,1000000000, -1460.80906217,-812.289628643
240,1000000000, 255.415787168,-503.009034979
240,1000000000, -1187.13273657,715.841891331
240,1000000000, -420.256365512,-726.233006493
240,1000000000, -78.2785395057,1430.62058919
240,2000000000, 202.997775618,6.5403669456
240,1000000000, -708.838865495,-353.515541605
240,1000000000, -616.258971682,10.2178147844
240,1000000000, 172.997734596,360.908452876
240,1000000000, -1480.87209824,-844.819298995
250,1000000000, 270.145802701,-529.179753136
250,1000000000, -1234.08408371,746.396144204
250,1000000000, -443.097140934,-752.952871248
250,1000000000, -79.7316964904,1490.48841598
250,2000000000, 207.307861637,2.12219031237
250,1000000000, -735.44265923,-365.520349607
250,1000000000, -640.581354146,19.8303351566
250,1000000000, 182.311869368,368.607552831
250,1000000000, -1500.93511084,-877.348954805
260,1000000000, 284.875785572,-555.350414035
260,1000000000, -1281.03541173,776.950380296
260,1000000000, -465.9379206,-779.672683289
260,1000000000, -81.1848561248,1550.35622252
260,2000000000, 211.617922882,-2.29596420823
260,1000000000, -762.046411315,-377.525131004
260,1000000000, -664.903719667,29.4428093153
260,1000000000, 191.625992865,376.306540911
260,1000000000, -1520.99810076,-909.878596298
270,1000000000, 299.605737849,-581.521022068
270,1000000000, -1327.98672195,807.50460073
270,1000000000, -488.778704569,-806.392446219
270,1000000000, -82.6380182736,1610.22401037
270,2000000000, 215.927961855,-6.71409733462
270,1000000000, -788.650125399,-389.529889805
270,1000000000, -689.226068999,39.0552413316
270,1000000000, 200.940104396,384.005424021
270,1000000000, -1541.06106876,-942.408223697
280,1000000000, 314.335661427,-607.691581165
280,1000000000, -1374.93801555,838.058806523
280,1000000000, -511.619492899,-833.112163288
280,1000000000, -84.0911828091,1670.09178093
280,2000000000, 220.237980736,-11.1322098095
280,1000000000, -815.253804669,-401.5346294
280,1000000000, -713.548402892,48.6676347324
280,1000000000, 210.254203453,391.704208508
280,1000000000, -1561.12401553,-974.937837224
290,1000000000, 329.065558038,-633.862094856
290,1000000000, -1421.88929357,868.612998596
290,1000000000, -534.460285641,-859.831837432
290,1000000000, -85.5443496108,1729.95953544
290,2000000000, 224.547981437,-15.5503023844
290,1000000000, -841.857451928,-413.539352676
290,1000000000, -737.870722082,58.2799925966
290,1000000000, 219.568289677,399.402900206
290,1000000000, -1581.18694175,-1007.4674371
300,1000000000, 343.795429275,-660.032566316
300,1000000000, -1468.840557,899.167177791
300,1000000000, -557.301082844,-886.551471321
300,1000000000, -86.9975185652,1789.82727499
300,2000000000, 228.857965639,-19.9683758082
300,1000000000, -868.461069649,-425.544062103
300,1000000000, -762.193027278,67.8923176302
300,1000000000, 228.882362832,407.10150449
300,1000000000, -1601.24984805,-1039.99702355
310,1000000000, 358.525276597,-686.202998412
310,1000000000, -1515.79180669,929.721344877
310,1000000000, -580.141884555,-913.271067389
310,1000000000, -88.4506895663,1849.6950006
310,2000000000, 233.167934824,-24.3864308186
310,1000000000, -895.06466003,-437.548759802
310,1000000000, -786.515319159,77.5046122266
310,1000000000, 238.196422781,414.800026314
310,1000000000, -1621.31273503,-1072.52659677
320,1000000000, 373.255101348,-712.373393738
320,1000000000, -1562.74304345,960.275500555
320,1000000000, -602.982690818,-939.99062786
320,1000000000, -89.9038625142,1909.56271316
320,2000000000, 237.477890306,-28.8044681365
320,1000000000, -921.668225027,-449.553447603
320,1000000000, -810.837598369,87.1168785152
320,1000000000, 247.510469471,422.49847025
320,1000000000, -1641.37560326,-1105.056157
330,1000000000, 387.984904767,-738.543754649
330,1000000000, -1609.69426801,990.82964547
330,1000000000, -625.823501673,-966.710154777
330,1000000000, -91.3570373156,1969.43041348
330,2000000000, 241.787833249,-33.222488462
330,1000000000, -948.27176639,-461.558127092
330,1000000000, -835.159865518,96.7291183995
330,1000000000, 256.824502915,430.196840526
330,1000000000, -1661.43845328,-1137.58570444
340,1000000000, 402.714687997,-764.714083285
340,1000000000, -1656.64548103,1021.38378022
340,1000000000, -648.664317161,-993.429650019
340,1000000000, -92.810213883,2029.29810232
340,2000000000, 246.097764694,-37.6404924711
340,1000000000, -974.875285692,-473.562799643
340,1000000000, -859.482121183,106.34133359
340,1000000000, 266.138523178,437.895141054
340,1000000000, -1681.50128561,-1170.11523929
350,1000000000, 417.444452092,-790.884381601
350,1000000000, -1703.59668314,1051.93790534
350,1000000000, -671.50513732,-1020.14911532
350,1000000000, -94.2633921344,2089.16578035
350,2000000000, 250.407685567,-42.0584808147
350,1000000000, -1001.47878435,-485.567466455
350,1000000000, -883.804365906,115.953525631
350,1000000000, 275.452530369,445.59337546
350,1000000000, -1701.56410075,-1202.64476177
360,1000000000, 432.17419803,-817.054651383
360,1000000000, -1750.54787491,1082.49202134
360,1000000000, -694.345962186,-1046.86855229
360,1000000000, -95.7165719929,2149.03344818
360,2000000000, 254.717596702,-46.4764541171
360,1000000000, -1028.08226364,-497.572128573
360,1000000000, -908.126600197,125.565695919
360,1000000000, 284.766524634,453.291547111
360,1000000000, -1721.62689915,-1235.17427207
370,1000000000, 446.903926719,-843.224894266
370,1000000000, -1797.49905685,1113.04612868
370,1000000000, -717.186791797,-1073.5879624
370,1000000000, -97.1697533864,2208.90110638
370,2000000000, 259.027498846,-50.8944129762
370,1000000000, -1054.68572472,-509.57678691
370,1000000000, -932.448824537,135.177845728
370,1000000000, 294.080506143,460.989659134
370,1000000000, -1741.68968127,-1267.70377039
380,1000000000, 461.633638998,-869.395111754
380,1000000000, -1844.45022945,1143.6002278
380,1000000000, -740.027626186,-1100.30734705
380,1000000000, -98.6229362472,2268.76875547
380,2000000000, 263.337392671,-55.3123579634
380,1000000000, -1081.28916864,-521.581442266
380,1000000000, -956.771039376,144.789976215
380,1000000000, 303.39447509,468.68771444
380,1000000000, -1761.75244753,-1300.23325693
390,1000000000, 476.363335651,-895.565305228
390,1000000000, -1891.40139317,1174.1543191
390,1000000000, -762.868465386,-1127.02670753
390,1000000000, -100.076120512,2328.63639594
390,2000000000, 267.647278785,-59.7302896241
390,1000000000, -1107.89259636,-533.586095342
390,1000000000, -981.09324514,154.402088445
390,1000000000, 312.708431682,476.385715742
390,1000000000, -1781.81519833,-1332.76273188
400,1000000000, 491.093017407,-921.735475965
400,1000000000, -1938.35254841,1204.70840295
400,1000000000, -785.709309431,-1153.74604502
400,1000000000, -101.52930612,2388.50402821
400,2000000000, 271.957157739,-64.1482084784
400,1000000000, -1134.49600877,-545.590746755
400,1000000000, -1005.41544223,164.01418339
400,1000000000, 322.022376142,484.083665569
400,1000000000, -1801.87793407,-1365.29219543
410,1000000000, 505.822684945,-947.905625141
410,1000000000, -1985.30369558,1235.2624797
410,1000000000, -808.550158352,-1180.46536066
410,1000000000, -102.982493017,2448.37165271
410,2000000000, 276.267030032,-68.5661150216
410,1000000000, -1161.09940665,-557.595397044
410,1000000000, -1029.73763101,173.626261948
410,1000000000, 331.3363087,491.781566285
410,1000000000, -1821.94065509,-1397.82164776
420,1000000000, 520.552338901,-974.075753847
420,1000000000, -2032.25483504,1265.81654967
420,1000000000, -831.391012179,-1207.1846555
420,1000000000, -104.435681148,2508.23926981
420,2000000000, 280.576896118,-72.9840097257
420,1000000000, -1187.70279075,-569.600046685
420,1000000000, -1054.05981185,183.238324947
420,1000000000, 340.650229593,499.479420101
420,1000000000, -1842.00336177,-1430.35108905
430,1000000000, 535.281979869,-1000.24586309
430,1000000000, -2079.20596712,1296.37061316
430,1000000000, -854.231870942,-1233.90393052
430,1000000000, -105.888870465,2568.10687986
430,2000000000, 284.88675641,-77.4018930399
430,1000000000, -1214.30616173,-581.604696093
430,1000000000, -1078.38198507,192.850373152
430,1000000000, 349.964139061,507.177229088
430,1000000000, -1862.06605442,-1462.88051948
440,1000000000, 550.011608404,-1026.41595382
440,1000000000, -2126.15709214,1326.92467046
440,1000000000, -877.072734669,-1260.62318665
440,1000000000, -107.342060919,2627.9744832
440,2000000000, 289.196611285,-81.8197653917
440,1000000000, -1240.90952023,-593.609345637
440,1000000000, -1102.704151,202.462407273
440,1000000000, 359.278037346,514.874995186
440,1000000000, -1882.12873337,-1495.40993922
450,1000000000, 564.741225029,-1052.5860269
450,1000000000, -2173.1082104,1357.47872182
450,1000000000, -899.913603389,-1287.34242476
450,1000000000, -108.795252468,2687.84208011
450,2000000000, 293.506461089,-86.2376271881
450,1000000000, -1267.51286681,-605.613995637
450,1000000000, -1127.02630991,212.074427969
450,1000000000, 368.591924692,522.572720217
450,1000000000, -1902.19139892,-1527.93934844
460,1000000000, 579.470830233,-1078.75608315
460,1000000000, -2220.05932217,1388.0327675
460,1000000000, -922.754477128,-1314.06164568
460,1000000000, -110.248445068,2747.7096709
460,2000000000, 297.816306138,-90.6554788163
460,1000000000, -1294.11620201,-617.618646376
460,1000000000, -1151.3484621,221.686435853
460,1000000000, 377.905801339,530.270405893
460,1000000000, -1922.25405137,-1560.46874731
470,1000000000, 594.200424477,-1104.92612333
470,1000000000, -2267.01042773,1418.58680774
470,1000000000, -945.595355911,-1340.78085019
470,1000000000, -111.701638681,2807.57725583
470,2000000000, 302.126146722,-95.0733206452
470,1000000000, -1320.71952633,-629.6232981
470,1000000000, -1175.67060782,231.298431496
470,1000000000, 387.219667529,537.968053824
470,1000000000, -1942.31669097,-1592.99813598
480,1000000000, 608.930008194,-1131.09614815
480,1000000000, -2313.96152732,1449.14084274
480,1000000000, -968.436239765,-1367.50003901
480,1000000000, -113.154833268,2867.44483514
480,2000000000, 306.435983109,-99.4911530257
480,1000000000, -1347.32284021,-641.627951026
480,1000000000, -1199.99274733,240.910415434
480,1000000000, 396.533523498,545.665665526
480,1000000000, -1962.37931801,-1625.52751461
490,1000000000, 623.659581793,-1157.26615826
490,1000000000, -2360.91262116,1479.69487272
490,1000000000, -991.277128712,-1394.21921284
490,1000000000, -114.608028795,2927.31240907
490,2000000000, 310.745815544,-103.908976292
490,1000000000, -1373.9261441,-653.632605342
490,1000000000, -1224.31488086,250.522388165
490,1000000000, 405.847369481,553.363242428
490,1000000000, -1982.44193273,-1658.05688335
500,1000000000, 638.389145658,-1183.43615431
500,1000000000, -2407.86370948,1510.24889787
500,1000000000, -1014.11802277,-1420.93837234
500,1000000000, -116.061225227,2987.17997783
500,2000000000, 315.055644255,-108.326790763
500,1000000000, -1400.52943838,-665.637261212
500,1000000000, -1248.63700864,260.134350158
500,1000000000, 415.161205707,561.060785879
500,1000000000, -2002.50453538,-1690.58624235
510,1000000000, 653.118700153,-1209.60613686
510,1000000000, -2454.81479249,1540.80291837
510,1000000000, -1036.95892198,-1447.65751814
510,1000000000, -117.514422534,3047.04754164
510,2000000000, 319.365469451,-112.744596742
510,1000000000, -1427.13272342,-677.64191878
510,1000000000, -1272.95913087,269.746301851
510,1000000000, 424.475032403,568.758297152
510,1000000000, -2022.56712617,-1723.11559176
520,1000000000, 667.848245623,-1235.77610648
520,1000000000, -2501.76587038,1571.35693441
520,1000000000, -1059.79982634,-1474.37665082
520,1000000000, -118.967620683,3106.91510069
520,2000000000, 323.675291327,-117.162394518
520,1000000000, -1453.73599958,-689.646578167
520,1000000000, -1297.28124775,279.358243658
520,1000000000, 433.78884979,576.455777451
520,1000000000, -2042.62970534,-1755.64493171
530,1000000000, 682.577782392,-1261.94606367
530,1000000000, -2548.71694333,1601.91094613
530,1000000000, -1082.64073588,-1501.09577096
530,1000000000, -120.420819648,3166.78265517
530,2000000000, 327.985110062,-121.580184367
530,1000000000, -1480.33926718,-701.651239481
530,1000000000, -1321.60335948,288.970175967
530,1000000000, 443.102658084,584.153227916
530,1000000000, -2062.69227309,-1788.17426234
540,1000000000, 697.307310768,-1288.11600892
540,1000000000, -2595.66801152,1632.4649537
540,1000000000, -1105.48165061,-1527.81487909
540,1000000000, -121.8740194,3226.65020523
540,2000000000, 332.294925823,-125.997966553
540,1000000000, -1506.94252652,-713.655902812
540,1000000000, -1345.92546624,298.582099144
540,1000000000, 452.416457496,591.850649626
540,1000000000, -2082.75482962,-1820.70358377
550,1000000000, 712.036831044,-1314.2859427
550,1000000000, -2642.61907512,1663.01895726
550,1000000000, -1128.32257056,-1554.53397571
550,1000000000, -123.327219913,3286.51775105
550,2000000000, 336.604738766,-130.415741326
550,1000000000, -1533.5457779,-725.660568237
550,1000000000, -1370.24756819,308.194013532
550,1000000000, 461.730248234,599.548043603
550,1000000000, -2102.81737512,-1853.23289615
560,1000000000, 726.766343496,-1340.45586543
560,1000000000, -2689.57013428,1693.57295696
560,1000000000, -1151.16349575,-1581.25306133
560,1000000000, -124.780421163,3346.38529279
560,2000000000, 340.914549034,-134.833508926
560,1000000000, -1560.14902158,-737.66523582
560,1000000000, -1394.5696655,317.805919459
560,1000000000, 471.044030498,607.245410818
560,1000000000, -2122.87990979,-1885.76219959
570,1000000000, 741.495848388,-1366.62577752
570,1000000000, -2736.52118915,1724.12695291
570,1000000000, -1174.00442618,-1607.9721364
570,1000000000, -126.233623126,3406.25283057
570,2000000000, 345.224356762,-139.251269583
570,1000000000, -1586.75225783,-749.669905616
570,1000000000, -1418.89175833,327.417817233
570,1000000000, 480.357804484,614.942752192
570,1000000000, -2142.94243378,-1918.29149421
580,1000000000, 756.225345969,-1392.79567937
580,1000000000, -2783.47223988,1754.68094526
580,1000000000, -1196.84536187,-1634.69120138
580,1000000000, -127.686825779,3466.12036456
580,2000000000, 349.534162077,-143.669023515
580,1000000000, -1613.35548687,-761.67457767
580,1000000000, -1443.21384682,337.029707143
580,1000000000, 489.671570384,622.640068601
580,1000000000, -2163.00494729,-1950.82078012
590,1000000000, 770.954836479,-1418.96557134
590,1000000000, -2830.42328659,1785.23493412
590,1000000000, -1219.68630283,-1661.41025668
590,1000000000, -129.140029102,3525.98789487
590,2000000000, 353.843965094,-148.086770932
590,1000000000, -1639.95870895,-773.679252017
590,1000000000, -1467.53593112,346.641589468
590,1000000000, 498.985328383,630.337360877
590,1000000000, -2183.06745046,-1983.35005744
600,1000000000, 785.684320142,-1445.13545377
600,1000000000, -2877.37432942,1815.7889196
600,1000000000, -1242.52724909,-1688.12930272
600,1000000000, -130.593233073,3585.85542163
600,2000000000, 358.153765925,-152.504512035
600,1000000000, -1666.56192428,-785.683928685
600,1000000000, -1491.85801135,356.253464468
600,1000000000, 508.299078662,638.034629813
600,1000000000, -2203.12994345,-2015.87932627
610,1000000000, 800.413797176,-1471.305327
610,1000000000, -2924.32536849,1846.34290181
610,1000000000, -1265.36820064,-1714.84833988
610,1000000000, -132.046437673,3645.72294495
610,2000000000, 362.46356467,-156.922247014
610,1000000000, -1693.16513305,-797.688607695
610,1000000000, -1516.18008764,365.865332392
610,1000000000, 517.612821398,645.731876163
610,1000000000, -2223.19242641,-2048.40858672
620,1000000000, 815.143267785,-1497.47519133
620,1000000000, -2971.27640392,1876.89688086
620,1000000000, -1288.2091575,-1741.56736855
620,1000000000, -133.499642883,3705.59046496
620,2000000000, 366.773361427,-161.339976054
620,1000000000, -1719.76833548,-809.693289064
620,1000000000, -1540.50216013,375.477193476
620,1000000000, 526.92655676,653.429100646
620,1000000000, -2243.25489948,-2080.93783888
630,1000000000, 829.872732166,-1523.64504708
630,1000000000, -3018.22743582,1907.45085684
630,1000000000, -1311.05011969,-1768.28638909
630,1000000000, -134.952848685,3765.45798176
630,2000000000, 371.083156286,-165.757699329
630,1000000000, -1746.37153173,-821.697972801
630,1000000000, -1564.82422892,385.089047944
630,1000000000, 536.240284915,661.12630395
630,1000000000, -2263.31736281,-2113.46708287
640,1000000000, 844.602190507,-1549.81489451
640,1000000000, -3065.17846429,1938.00482984
640,1000000000, -1333.89108719,-1795.00540183
640,1000000000, -136.406055062,3825.32549544
640,2000000000, 375.392949331,-170.17541701
640,1000000000, -1772.974722,-833.70265891
640,1000000000, -1589.14629412,394.700896011
640,1000000000, 545.554006025,668.823486728
640,1000000000, -2283.37981653,-2145.99631875
650,1000000000, 859.331642987,-1575.9847339
650,1000000000, -3112.12948944,1968.55879996
650,1000000000, -1356.73206003,-1821.72440711
650,1000000000, -137.859261999,3885.19300611
650,2000000000, 379.702740642,-174.593129256
650,1000000000, -1799.57790645,-845.707347393
650,1000000000, -1613.46835585,404.312737878
650,1000000000, 554.867720246,676.520649606
650,1000000000, -2303.44226075,-2178.52554664
660,1000000000, 874.061089777,-1602.1545655
660,1000000000, -3159.08051136,1999.11276728
660,1000000000, -1379.57303821,-1848.44340526
660,1000000000, -139.312469478,3945.06051386
660,2000000000, 384.012530294,-179.010836224
660,1000000000, -1826.18108523,-857.712038248
660,1000000000, -1637.7904142,413.924573742
660,1000000000, 564.181427731,684.217793181
660,1000000000, -2323.50469562,-2211.05476661
670,1000000000, 888.79053104,-1628.32438956
670,1000000000, -3206.03153015,2029.66673188
670,1000000000, -1402.41402174,-1875.16239658
670,1000000000, -140.765677485,4004.92801877
670,2000000000, 388.322318357,-183.428538061
670,1000000000, -1852.7842585,-869.716731466
670,1000000000, -1662.11246927,423.536403785
670,1000000000, 573.495128627,691.914918025
670,1000000000, -2343.56712124,-2243.58397874
680,1000000000, 903.519966934,-1654.49420631
680,1000000000, -3252.98254589,2060.22069385
680,1000000000, -1425.25501061,-1901.88138136
680,1000000000, -142.218886006,4064.79552094
680,2000000000, 392.632104899,-187.846234911
680,1000000000, -1879.38742642,-881.721427041
680,1000000000, -1686.43452116,433.148228185
680,1000000000, 582.808823079,699.612024686
680,1000000000, -2363.62953773,-2276.11318312
690,1000000000, 918.24939761,-1680.66401598
690,1000000000, -3299.93355867,2090.77465325
690,1000000000, -1448.09600483,-1928.6003599
690,1000000000, -143.672095026,4124.66302044
690,2000000000, 396.941889981,-192.26392691
690,1000000000, -1905.99058911,-893.726124959
690,1000000000, -1710.75656995,442.760047111
690,1000000000, 592.122511226,707.309113686
690,1000000000, -2383.69194521,-2308.64237983
700,1000000000, 932.97882321,-1706.83381877
700,1000000000, -3346.88456858,2121.32861016
700,1000000000, -1470.93700441,-1955.31933247
700,1000000000, -145.125304532,4184.53051735
700,2000000000, 401.251673664,-196.681614191
700,1000000000, -1932.59374671,-905.730825206
700,1000000000, -1735.07861574,452.371860724
700,1000000000, 601.436193203,715.006185527
700,1000000000, -2403.75434378,-2341.17156893
710,1000000000, 947.708243874,-1733.00361489
710,1000000000, -3393.83557569,2151.88256464
710,1000000000, -1493.77800933,-1982.03829933
710,1000000000, -146.578514512,4244.39801174
710,2000000000, 405.561456003,-201.099296879
710,1000000000, -1959.19689936,-917.735527767
710,1000000000, -1759.4006586,461.983669177
710,1000000000, 610.749869143,722.703240691
710,1000000000, -2423.81673354,-2373.7007505
720,1000000000, 962.437659734,-1759.17340454
720,1000000000, -3440.78658007,2182.43651677
720,1000000000, -1516.61901962,-2008.75726075
720,1000000000, -148.031724952,4304.26550369
720,2000000000, 409.871237051,-205.516975098
720,1000000000, -1985.80004716,-929.740232624
720,1000000000, -1783.72269862,471.595472619
720,1000000000, 620.063539174,730.400279637
720,1000000000, -2443.87911459,-2406.22992461
730,1000000000, 977.167070917,-1785.3431879
730,1000000000, -3487.7375818,2212.99046661
730,1000000000, -1539.46003525,-2035.47621696
730,1000000000, -149.484935842,4364.13299326
730,2000000000, 414.181016858,-209.934648963
730,1000000000, -2012.40319026,-941.744939757
730,1000000000, -1808.04473586,481.207271191
730,1000000000, 629.377203419,738.097302809
730,1000000000, -2463.94148704,-2438.75909132
740,1000000000, 991.896477545,-1811.51296515
740,1000000000, -3534.68858095,2243.54441421
740,1000000000, -1562.30105623,-2062.19516822
740,1000000000, -150.93814717,4424.00048051
740,2000000000, 418.490795472,-214.352318588
740,1000000000, -2039.00632875,-953.749649146
740,1000000000, -1832.36677041,490.819065028
740,1000000000, 638.690862,745.794310632
740,1000000000, -2484.00385098,-2471.28825069
750,1000000000, 1006.62587974,-1837.68273645
750,1000000000, -3581.63957758,2274.09835964
750,1000000000, -1585.14208256,-2088.91411475
750,1000000000, -152.391358925,4483.86796551
750,2000000000, 422.800572937,-218.769984082
750,1000000000, -2065.60946274,-965.754360769
750,1000000000, -1856.68880233,500.430854261
750,1000000000, 648.004515033,753.491303514
750,1000000000, -2504.0662065,-2503.81740279
760,1000000000, 1021.35527761,-1863.85250198
760,1000000000, -3628.59057176,2304.65230295
760,1000000000, -1607.98311423,-2115.63305678
760,1000000000, -153.844571096,4543.73544833
760,2000000000, 427.110349298,-223.187645549
760,1000000000, -2092.21259235,-977.759074603
760,1000000000, -1881.01083169,510.042639013
760,1000000000, 657.318162634,761.188281847
760,1000000000, -2524.1285537,-2536.34654768
770,1000000000, 1036.08467126,-1890.02226189
770,1000000000, -3675.54156356,2335.20624419
770,1000000000, -1630.82415124,-2142.35199452
770,1000000000, -155.297783673,4603.60292901
770,2000000000, 431.420124593,-227.605303089
770,1000000000, -2118.81571767,-989.763790625
770,1000000000, -1905.33285857,519.654419406
770,1000000000, 666.631804913,768.885246008
770,1000000000, -2544.19089265,-2568.8756854
780,1000000000, 1050.8140608,-1916.19201632
780,1000000000, -3722.49255302,2365.76018343
780,1000000000, -1653.66519358,-2169.07092819
780,1000000000, -156.750996646,4663.47040761
780,2000000000, 435.729898863,-232.0229568
780,1000000000, -2145.41883881,-1001.76850881
780,1000000000, -1929.65488301,529.266195553
780,1000000000, 675.945441977,776.58219636
780,1000000000, -2564.25322345,-2601.40481602
790,1000000000, 1065.54344633,-1942.36176544
790,1000000000, -3769.44354021,2396.3141207
790,1000000000, -1676.50624124,-2195.78985799
790,1000000000, -158.204210006,4723.33788419
790,2000000000, 440.039672142,-236.440606777
790,1000000000, -2172.02195585,-1013.77322914
790,1000000000, -1953.97690508,538.877967565
790,1000000000, 685.259073931,784.279133252
790,1000000000, -2584.31554617,-2633.93393958
800,1000000000, 1080.27282796,-1968.53150937
800,1000000000, -3816.39452518,2426.86805606
800,1000000000, -1699.34729422,-2222.50878412
800,1000000000, -159.657423743,4783.20535879
800,2000000000, 444.349444467,-240.858253108
800,1000000000, -2198.62506888,-1025.77795157
800,1000000000, -1978.29892484,548.489735549
800,1000000000, 694.572700878,791.976057021
800,1000000000, -2604.37786091,-2666.46305614
810,1000000000, 1095.00220576,-1994.70124825
810,1000000000, -3863.34550799,2457.42198955
810,1000000000, -1722.1883525,-2249.22770677
810,1000000000, -161.11063785,4843.07283147
810,2000000000, 448.659215871,-245.275895882
810,1000000000, -2225.228178,-1037.7826761
810,1000000000, -2002.62094234,558.101499606
810,1000000000, 703.886322916,799.672967991
810,1000000000, -2624.44016774,-2698.99216573
820,1000000000, 1109.73157983,-2020.8709822
820,1000000000, -3910.29648868,2487.97592122
820,1000000000, -1745.02941608,-2275.94662613
820,1000000000, -162.563852316,4902.94030227
820,2000000000, 452.968986384,-249.693535182
820,1000000000, -2251.83128329,-1049.78740269
820,1000000000, -2026.94295764,567.713259836
820,1000000000, 713.199940141,807.369866473
820,1000000000, -2644.50246673,-2731.52126842
830,1000000000, 1124.46095027,-2047.04071136
830,1000000000, -3957.24746732,2518.52985111
830,1000000000, -1767.87048494,-2302.66554237
830,1000000000, -164.017067135,4962.80777124
830,2000000000, 457.278756038,-254.111171091
830,1000000000, -2278.43438483,-1061.79213131
830,1000000000, -2051.2649708,577.325016332
830,1000000000, 722.513552647,815.06675277
830,1000000000, -2664.56475797,-2764.05036423
840,1000000000, 1139.19031715,-2073.21043583
840,1000000000, -4004.19844393,2549.08377926
840,1000000000, -1790.71155907,-2329.38445567
840,1000000000, -165.470282298,5022.67523843
840,2000000000, 461.588524861,-258.528803686
840,1000000000, -2305.03748271,-1073.79686195
840,1000000000, -2075.58698185,586.936769186
840,1000000000, 731.827160525,822.763627171
840,1000000000, -2684.62704153,-2796.57945322
850,1000000000, 1153.91968055,-2099.38015574
850,1000000000, -4051.14941858,2579.63770572
850,1000000000, -1813.55263847,-2356.10336621
850,1000000000, -166.923497797,5082.54270387
850,2000000000, 465.89829288,-262.946433045
850,1000000000, -2331.64057698,-1085.80159457
850,1000000000, -2099.90899086,596.548518487
850,1000000000, 741.140763864,830.460489957
850,1000000000, -2704.68931748,-2829.10853542
860,1000000000, 1168.64904055,-2125.5498712
860,1000000000, -4098.1003913,2610.19163052
860,1000000000, -1836.39372311,-2382.82227414
860,1000000000, -168.376713626,5142.4101676
860,2000000000, 470.208060122,-267.364059239
860,1000000000, -2358.24366775,-1097.80632915
860,1000000000, -2124.23099786,606.160264318
860,1000000000, 750.45436275,838.157341398
860,1000000000, -2724.7515859,-2861.63761087
870,1000000000, 1183.37839724,-2151.71958231
870,1000000000, -4145.05136214,2640.7455537
870,1000000000, -1859.23481299,-2409.54117963
870,1000000000, -169.829929776,5202.27762967
870,2000000000, 474.517826611,-271.781682341
870,1000000000, -2384.84675506,-1109.81106565
870,1000000000, -2148.55300291,615.772006762
870,1000000000, 759.767957267,845.854181755
870,1000000000, -2744.81384686,-2894.16667961
880,1000000000, 1198.10775067,-2177.88928918
880,1000000000, -4192.00233114,2671.29947529
880,1000000000, -1882.07590808,-2436.26008283
880,1000000000, -171.283146241,5262.14509012
880,2000000000, 478.827592372,-276.199302419
880,1000000000, -2411.449839,-1121.81580407
880,1000000000, -2172.87500604,625.383745898
880,1000000000, 769.081547497,853.551011281
880,1000000000, -2764.87610042,-2926.69574168
890,1000000000, 1212.83710093,-2204.0589919
890,1000000000, -4238.95329834,2701.85339534
890,1000000000, -1904.91700837,-2462.9789839
890,1000000000, -172.736363014,5322.01254898
890,2000000000, 483.137357428,-280.616919539
890,1000000000, -2438.05291962,-1133.82054436
890,1000000000, -2197.19700731,634.995481802
890,1000000000, 778.395133518,861.247830221
890,1000000000, -2784.93834665,-2959.2247971
900,1000000000, 1227.56644809,-2230.22869058
900,1000000000, -4285.90426378,2732.40731387
900,1000000000, -1927.75811385,-2489.69788298
900,1000000000, -174.189580089,5381.88000628
900,2000000000, 487.4471218,-285.034533767
900,1000000000, -2464.65599701,-1145.8252865
900,1000000000, -2221.51900674,644.607214548
900,1000000000, 787.708715409,868.944638809
900,1000000000, -2805.00058563,-2991.75384592
910,1000000000, 1242.2957922,-2256.39838529
910,1000000000, -4332.85522749,2762.96123092
910,1000000000, -1950.59922449,-2516.41678021
910,1000000000, -175.642797458,5441.74746206
910,2000000000, 491.756885509,-289.452145164
910,1000000000, -2491.25907121,-1157.83003048
910,1000000000, -2245.84100439,654.218944206
910,1000000000, 797.022293245,876.641437274
910,1000000000, -2825.06281742,-3024.28288815
920,1000000000, 1257.02513333,-2282.56807614
920,1000000000, -4379.80618952,2793.51514652
920,1000000000, -1973.44034028,-2543.13567574
920,1000000000, -177.096015118,5501.61491636
920,2000000000, 496.066648576,-293.86975379
920,1000000000, -2517.86214229,-1169.83477625
920,1000000000, -2270.16300028,663.830670846
920,1000000000, 806.3358671,884.338225837
920,1000000000, -2845.12504209,-3056.81192384
930,1000000000, 1271.75447155,-2308.73776322
930,1000000000, -4426.7571499,2824.06906069
930,1000000000, -1996.2814612,-2569.8545697
930,1000000000, -178.54923306,5561.48236921
930,2000000000, 500.376411019,-298.287359706
930,1000000000, -2544.46521032,-1181.83952381
930,1000000000, -2294.48499446,673.442394535
930,1000000000, 815.649437044,892.035004712
930,1000000000, -2865.1872597,-3089.34095302
940,1000000000, 1286.48380691,-2334.90744659
940,1000000000, -4473.70810866,2854.62297348
940,1000000000, -2019.12258722,-2596.57346222
940,1000000000, -180.00245128,5621.34982063
940,2000000000, 504.686172858,-302.704962966
940,1000000000, -2571.06827534,-1193.84427311
940,1000000000, -2318.80698697,683.054115336
940,1000000000, 824.963003149,899.731774105
940,1000000000, -2885.24947031,-3121.8699757
950,1000000000, 1301.21313948,-2361.07712635
950,1000000000, -4520.65906583,2885.17688491
950,1000000000, -2041.96371833,-2623.29235343
950,1000000000, -181.455669771,5681.21727066
950,2000000000, 508.995934109,-307.122563627
950,1000000000, -2597.67133742,-1205.84902414
950,1000000000, -2343.12897783,692.665833311
950,1000000000, 834.276565481,907.428534217
950,1000000000, -2905.31167399,-3154.39899193
960,1000000000, 1315.94246931,-2387.24680257
960,1000000000, -4567.61002146,2915.73079501
960,1000000000, -2064.80485451,-2650.01124346
960,1000000000, -182.90888853,5741.08471933
960,2000000000, 513.30569479,-311.540161741
960,1000000000, -2624.2743966,-1217.85377688
960,1000000000, -2367.45096708,702.277548522
960,1000000000, 843.590124107,915.125285241
960,1000000000, -2925.37387081,-3186.92800172
970,1000000000, 1330.67179645,-2413.41647533
970,1000000000, -4614.56097556,2946.2847038
970,1000000000, -2087.64599573,-2676.73013242
970,1000000000, -184.362107549,5800.95216666
970,2000000000, 517.615454918,-315.95775736
970,1000000000, -2650.87745295,-1229.85853129
970,1000000000, -2391.77295476,711.889261027
970,1000000000, 852.903679091,922.822027367
970,1000000000, -2945.43606082,-3219.4570051
980,1000000000, 1345.40112096,-2439.58614471
980,1000000000, -4661.51192817,2976.83861131
980,1000000000, -2110.48714198,-2703.44902044
980,1000000000, -185.815326824,5860.81961269
980,2000000000, 521.925214507,-320.375350535
980,1000000000, -2677.48050652,-1241.86328736
980,1000000000, -2416.0949409,721.500970882
980,1000000000, 862.217230498,930.518760776
980,1000000000, -2965.49824408,-3251.98600209
990,1000000000, 1360.13044289,-2465.75581076
990,1000000000, -4708.46287933,3007.39251756
990,1000000000, -2133.32829322,-2730.16790762
990,1000000000, -187.268546351,5920.68705744
990,2000000000, 526.234973573,-324.792941315
990,1000000000, -2704.08355735,-1253.86804505
990,1000000000, -2440.41692552,731.112678142
990,1000000000, 871.530778387,938.215485646
990,1000000000, -2985.56042066,-3284.51499272
1000,1000000000, 1374.8597623,-2491.92547357
1000,1000000000, -4755.41382905,3037.94642259
1000,1000000000, -2156.16944943,-2756.88679409
1000,1000000000, -188.721766124,5980.55450093
1000,2000000000, 530.544732131,-329.210529746
1000,1000000000, -2730.68660549,-1265.87280436
1000,1000000000, -2464.73890867,740.72438286
1000,1000000000, 880.844322818,945.912202147
1000,1000000000, -3005.62259062,-3317.04397702
